##FastQC	0.12.1
>>Basic Statistics	pass
#Measure	Value
Filename	SRR18106159_1.fastq
File type	Conventional base calls
Encoding	Sanger / Illumina 1.9
Total Sequences	49271018
Total Bases	7.3 Gbp
Sequences flagged as poor quality	0
Sequence length	150
%GC	51
>>END_MODULE
>>Per base sequence quality	pass
#Base	Mean	Median	Lower Quartile	Upper Quartile	10th Percentile	90th Percentile
1	36.25243572194916	37.0	37.0	37.0	37.0	37.0
2	36.3655288591764	37.0	37.0	37.0	37.0	37.0
3	36.36831209779347	37.0	37.0	37.0	37.0	37.0
4	36.37772680077363	37.0	37.0	37.0	37.0	37.0
5	36.386166163646145	37.0	37.0	37.0	37.0	37.0
6	36.41516913655001	37.0	37.0	37.0	37.0	37.0
7	36.416929603524736	37.0	37.0	37.0	37.0	37.0
8	36.40964921812657	37.0	37.0	37.0	37.0	37.0
9	36.401905395987555	37.0	37.0	37.0	37.0	37.0
10-14	36.40135208897044	37.0	37.0	37.0	37.0	37.0
15-19	36.37901956886704	37.0	37.0	37.0	37.0	37.0
20-24	36.35488409027798	37.0	37.0	37.0	37.0	37.0
25-29	36.28710869744968	37.0	37.0	37.0	37.0	37.0
30-34	36.24952104703824	37.0	37.0	37.0	37.0	37.0
35-39	36.22167100748761	37.0	37.0	37.0	37.0	37.0
40-44	36.189616991473564	37.0	37.0	37.0	37.0	37.0
45-49	36.162724959325985	37.0	37.0	37.0	37.0	37.0
50-54	36.131066961108864	37.0	37.0	37.0	37.0	37.0
55-59	36.09309239764439	37.0	37.0	37.0	37.0	37.0
60-64	36.06269286337863	37.0	37.0	37.0	37.0	37.0
65-69	36.02698668008036	37.0	37.0	37.0	37.0	37.0
70-74	35.986647826111486	37.0	37.0	37.0	37.0	37.0
75-79	35.952508726326705	37.0	37.0	37.0	37.0	37.0
80-84	35.92640630238246	37.0	37.0	37.0	37.0	37.0
85-89	35.87229029040967	37.0	37.0	37.0	37.0	37.0
90-94	35.81732832879564	37.0	37.0	37.0	37.0	37.0
95-99	35.78732294104417	37.0	37.0	37.0	37.0	37.0
100-104	35.75062402404594	37.0	37.0	37.0	37.0	37.0
105-109	35.686970932892024	37.0	37.0	37.0	37.0	37.0
110-114	35.64585437223968	37.0	37.0	37.0	37.0	37.0
115-119	35.5979780080858	37.0	37.0	37.0	37.0	37.0
120-124	35.54093244836143	37.0	37.0	37.0	37.0	37.0
125-129	35.48703547793552	37.0	37.0	37.0	37.0	37.0
130-134	35.41772501635749	37.0	37.0	37.0	37.0	37.0
135-139	35.34994303141859	37.0	37.0	37.0	37.0	37.0
140-144	35.33677468973749	37.0	37.0	37.0	37.0	37.0
145-149	35.144494822493826	37.0	37.0	37.0	25.0	37.0
150	35.11336144911802	37.0	37.0	37.0	25.0	37.0
>>END_MODULE
>>Per sequence quality scores	pass
#Quality	Count
19	2.0
20	58.0
21	2093.0
22	23391.0
23	51786.0
24	76141.0
25	108396.0
26	155723.0
27	222569.0
28	314001.0
29	435867.0
30	579649.0
31	746364.0
32	957203.0
33	1269871.0
34	1955557.0
35	4672704.0
36	3.4248005E7
37	3451638.0
>>END_MODULE
>>Per base sequence content	pass
#Base	G	A	T	C
1	20.2535543229254	28.75722347722115	22.103829641169803	28.885392558683648
2	27.633380624346536	27.185835247600544	23.79125869530929	21.389525432743632
3	22.93163498265857	23.785745608097645	27.460317544078343	25.822301865165443
4	22.98903586688629	24.1580090754366	26.90506211988557	25.947892937791543
5	22.603499105656006	24.206587373308032	27.206449750696027	25.98346377033993
6	24.284456635338852	25.447162467802066	24.470300167128674	25.798080729730405
7	24.311862198584976	24.48121124674144	25.089000596659073	26.117925958014503
8	23.416599592076622	24.741124691192702	26.391330091860493	25.45094562487018
9	24.066157842824182	23.770610850428206	26.482166573636988	25.681064733110624
10-14	24.64163456090962	24.657838813072626	25.359021808723337	25.341504817294418
15-19	24.764403509573512	24.631663367515326	25.233205218643995	25.370727904267167
20-24	25.012217757780075	24.538122562324123	25.047201486027465	25.402458193868338
25-29	25.08909129230097	24.466774224213633	24.99653963855954	25.44759484492586
30-34	25.24240885714118	24.421442179719577	24.823543916892703	25.512605046246545
35-39	25.266306375585934	24.39638150409953	24.756936702259914	25.580375418054622
40-44	25.37619134445573	24.389501858852796	24.68374351600396	25.550563280687516
45-49	25.377435104176023	24.332012315914785	24.625007711430623	25.665544868478573
50-54	25.451640245490793	24.365582246006365	24.553641766604738	25.629135741898107
55-59	25.47941797098499	24.3457521151622	24.507691274910723	25.667138638942088
60-64	25.520734864293033	24.343735068291387	24.455652861955333	25.679877205460244
65-69	25.535516639822625	24.3031930048614	24.464867358738154	25.696422996577827
70-74	25.630225054412314	24.373851175553142	24.369940560188954	25.625983209845593
75-79	25.657141344575514	24.308876601013086	24.363230677137913	25.670751377273486
80-84	25.674449232402296	24.36935339447911	24.30380370305159	25.652393670067003
85-89	25.69625813578702	24.32948622408536	24.276895841796648	25.69735979833097
90-94	25.68189437449821	24.344586507224186	24.234070016576478	25.73944910170113
95-99	25.691167719212082	24.344494299784184	24.19844583983541	25.765892141168322
100-104	25.785282403282654	24.382910916542766	24.138990873528726	25.692815806645854
105-109	25.735904732374777	24.406221109009888	24.152491244359894	25.70538291425544
110-114	25.79392023321664	24.43058385798548	24.141736028908138	25.633759879889737
115-119	25.798874762841056	24.43739745431084	24.115719561600464	25.648008221247643
120-124	25.809711918790907	24.46683289664246	24.081008877442535	25.642446307124096
125-129	25.79982692380375	24.47922252903907	24.05889752327777	25.662053023879405
130-134	25.858119490173472	24.521605525350076	24.028253764614306	25.592021219862154
135-139	25.835579440916945	24.53597283263555	24.040624870879775	25.587822855567733
140-144	25.860008613835618	24.59007531774423	24.05089489843124	25.499021169988918
145-149	25.909575632573628	24.801034646426224	23.968558196184446	25.320831524815702
150	25.849510558113494	25.019564239569803	24.10078476559993	25.030140436716774
>>END_MODULE
>>Per sequence GC content	warn
#GC Content	Count
0	7.0
1	12.0
2	27.0
3	45.5
4	55.5
5	70.0
6	77.0
7	76.5
8	93.5
9	139.0
10	211.5
11	304.5
12	419.0
13	619.0
14	1008.0
15	1688.5
16	2839.0
17	4928.5
18	8633.5
19	14549.0
20	23455.0
21	36484.0
22	54734.0
23	78645.5
24	108862.0
25	145448.0
26	188855.5
27	238579.0
28	293120.5
29	350746.5
30	410135.0
31	473697.0
32	541232.5
33	608289.5
34	676205.5
35	746352.5
36	817638.0
37	889092.0
38	955261.0
39	1014359.5
40	1069084.0
41	1116462.5
42	1154698.5
43	1187385.0
44	1218150.5
45	1247736.0
46	1277698.0
47	1311817.0
48	1347013.5
49	1379712.5
50	1410995.0
51	1439329.5
52	1461012.0
53	1481205.0
54	1503618.5
55	1529317.0
56	1551626.0
57	1561920.0
58	1557011.5
59	1535340.5
60	1498858.0
61	1447823.0
62	1382614.5
63	1301387.0
64	1201097.0
65	1082509.0
66	956222.5
67	831376.0
68	710686.5
69	594369.0
70	486878.5
71	392130.0
72	310802.0
73	243081.5
74	188190.0
75	145919.0
76	113627.0
77	88591.0
78	68900.0
79	53118.5
80	40945.0
81	31354.0
82	22942.0
83	16349.0
84	11208.0
85	7240.0
86	4711.5
87	3047.5
88	1975.0
89	1365.0
90	998.0
91	695.5
92	487.0
93	383.0
94	334.0
95	288.5
96	202.0
97	105.0
98	45.5
99	25.0
100	11.0
>>END_MODULE
>>Per base N content	pass
#Base	N-Count
1	0.0019179632131814284
2	0.030458067661601796
3	0.0
4	0.0
5	0.011889342331023078
6	0.0
7	0.0
8	0.0
9	8.118362807117158E-6
10-14	0.0
15-19	3.352883839339386E-4
20-24	2.265023223185687E-4
25-29	3.11339213652943E-4
30-34	9.74203536854059E-6
35-39	9.336117228184732E-6
40-44	7.310585707809E-4
45-49	9.74203536854059E-6
50-54	4.3433241018076796E-5
55-59	9.092566343971216E-5
60-64	6.575873873764898E-5
65-69	0.0
70-74	0.0
75-79	2.476100656170733E-5
80-84	8.118362807117158E-7
85-89	6.45409843165814E-5
90-94	0.0
95-99	2.265023223185687E-4
100-104	7.347118340441027E-5
105-109	6.981792014120756E-5
110-114	4.62746680005678E-5
115-119	1.0878606161536991E-4
120-124	3.271700211268215E-4
125-129	4.465099543914437E-6
130-134	9.660851740469417E-5
135-139	1.57090320317717E-4
140-144	1.0594463463287891E-4
145-149	5.276935824626153E-6
150	0.0
>>END_MODULE
>>Sequence Length Distribution	pass
#Length	Count
150	4.9271018E7
>>END_MODULE
>>Sequence Duplication Levels	pass
#Total Deduplicated Percentage	73.17806332386414
#Duplication Level	Percentage of total
1	55.502260359672526
2	24.631595018578633
3	10.694488068250424
4	4.225930908126933
5	1.967947659538272
6	0.9072723099934535
7	0.46574119125257
8	0.30112609754227077
9	0.18855244113772385
>10	1.0464553894882889
>50	0.05062961292676489
>100	0.018000943492129294
>500	0.0
>1k	0.0
>5k	0.0
>10k+	0.0
>>END_MODULE
>>Overrepresented sequences	pass
>>END_MODULE
>>Adapter Content	pass
#Position	Illumina Universal Adapter	Illumina Small RNA 3' Adapter	Illumina Small RNA 5' Adapter	Nextera Transposase Sequence	PolyA	PolyG
1	4.059181403558579E-6	0.0	0.0	1.2177544210675736E-5	0.06433802524640347	0.0
2	1.0147953508896448E-5	1.0147953508896448E-5	2.0295907017792894E-6	1.6236725614234315E-5	0.07462196133231913	0.0
3	2.0295907017792895E-5	1.8266316316013605E-5	4.059181403558579E-6	2.638467912313076E-5	0.08127698924345342	2.435508842135147E-5
4	2.0295907017792895E-5	1.8266316316013605E-5	6.088772105337868E-6	3.044386052668934E-5	0.09028634236865168	7.306526526405442E-5
5	2.435508842135147E-5	3.044386052668934E-5	8.118362807117158E-6	3.247345122846863E-5	0.09707938244750697	1.4004175842277097E-4
6	2.638467912313076E-5	3.044386052668934E-5	1.0147953508896448E-5	4.668058614092365E-5	0.105171360575501	2.1919579579216325E-4
7	2.638467912313076E-5	3.85622233338065E-5	1.0147953508896448E-5	5.479894894804081E-5	0.11326739788489858	2.719651540384248E-4
8	2.638467912313076E-5	3.85622233338065E-5	1.0147953508896448E-5	6.088772105337868E-5	0.120399379610951	3.389416471971413E-4
9	3.044386052668934E-5	4.059181403558579E-5	1.4207134912455026E-5	6.900608386049584E-5	0.12788248052841125	4.465099543914437E-4
10-11	3.551783728113756E-5	4.363620008825472E-5	1.522193026334467E-5	8.219842342206122E-5	0.13959524846837953	5.490042848312977E-4
12-13	3.85622233338065E-5	5.581374429893046E-5	1.725152096512396E-5	9.944994438718518E-5	0.15322090564477478	7.590669224654543E-4
14-15	3.957701868469614E-5	5.885813035159939E-5	2.334029307046183E-5	1.1467187465052985E-4	0.16610880660107327	9.579668112398246E-4
16-17	4.363620008825472E-5	6.088772105337868E-5	2.435508842135147E-5	1.339529863174331E-4	0.17579096904391137	0.001168029448873981
18-19	4.871017684270294E-5	6.494690245693726E-5	2.841426982491005E-5	1.4816012122988813E-4	0.18432844233094597	0.0013943288121223718
20-21	5.9872925702489034E-5	6.79912885096062E-5	2.9429065175799696E-5	1.5323409798433633E-4	0.1929958094228944	0.001588154724142294
22-23	6.59616978078269E-5	8.118362807117157E-5	3.247345122846863E-5	1.7048561894946032E-4	0.2006108337359703	0.0018438831525664843
24-25	7.205046991316477E-5	8.828719552739908E-5	4.160660938647544E-5	1.836779585110257E-4	0.20704768064666332	0.0020671381297622062
26-27	9.437596763273696E-5	9.133158158006802E-5	4.262140473736508E-5	1.9687029807259105E-4	0.2138315875673606	0.002349251237309527
28-29	1.0858310254519198E-4	9.437596763273696E-5	4.363620008825472E-5	2.1412181903771504E-4	0.22132483643832973	0.0027267551078404752
30-31	1.2481982815942632E-4	9.640555833451624E-5	5.276935824626152E-5	2.364473167572872E-4	0.22780227516305834	0.003105273773722313
32-33	1.4308614447543992E-4	1.0046473973807482E-4	6.088772105337868E-5	2.506544516697422E-4	0.23526812455955345	0.003579183202587777
34-35	1.5729327938789493E-4	1.0350912579074376E-4	6.088772105337868E-5	2.750095400910937E-4	0.24231892265753469	0.0040683145617165855
36-37	1.8266316316013605E-4	1.0959789789608162E-4	6.088772105337868E-5	2.8718708430176945E-4	0.2497776684865736	0.004571653055757849
38-39	2.0092947947614965E-4	1.136570792996402E-4	6.697649315871654E-5	2.993646285124452E-4	0.2569603899801705	0.005117612954536478
40-41	2.3238813535372864E-4	1.1974585140497808E-4	6.900608386049584E-5	3.2473451228468627E-4	0.2673874122105616	0.005732578937175603
42-43	2.7095035868753513E-4	1.2076064675586772E-4	7.306526526405441E-5	3.36912056495362E-4	0.2786830992613142	0.0062886867894631285
44-45	2.9834983316155553E-4	1.248198281594263E-4	7.50948559658337E-5	3.551783728113757E-4	0.2865041270306207	0.006970629265260969
46-47	3.1661614947756914E-4	1.2887900956298488E-4	7.50948559658337E-5	3.754742798291685E-4	0.29442054556291086	0.007734770164480872
48-49	3.3183807974091384E-4	1.3801216772099168E-4	7.50948559658337E-5	3.917110054434029E-4	0.3016966282287896	0.008531384514929243
50-51	3.54163577460486E-4	1.4816012122988813E-4	7.50948559658337E-5	4.0490334500496825E-4	0.3091218858112491	0.009347279977044516
52-53	3.9678498219785106E-4	1.522193026334467E-4	7.7124446667613E-5	4.292584334263197E-4	0.3180602032618851	0.010150997894949117
54-55	4.2316966132098185E-4	1.54248893335226E-4	7.7124446667613E-5	4.5056913579500225E-4	0.3255473633607489	0.011063298915398905
56-57	4.647762707074573E-4	1.5627848403700528E-4	7.7124446667613E-5	4.6173188465478834E-4	0.3324094095234647	0.011973570345146917
58-59	4.921757451814777E-4	1.633820514932328E-4	8.62576048256198E-5	4.789834056199123E-4	0.33946934077960395	0.0129650254029661
60-61	5.520486708839667E-4	1.7353000500212925E-4	9.336117228184732E-5	4.8608697307613984E-4	0.34622280383977455	0.014028530930698448
62-63	5.784333500070975E-4	1.8570754921280497E-4	1.0046473973807482E-4	5.02323698690374E-4	0.35243741056862277	0.015130598681764602
64-65	6.159807779900143E-4	1.9484070737081177E-4	1.0553871649252305E-4	5.175456289537188E-4	0.3588762870700175	0.016283406200375238
66-67	6.606317734291587E-4	2.0092947947614965E-4	1.0553871649252305E-4	5.327675592170635E-4	0.36581748727010266	0.017543782026180177
68-69	7.123863363245306E-4	2.1209222833593576E-4	1.0756830719430233E-4	5.479894894804081E-4	0.3732924698247558	0.01887519352654739
70-71	7.479041736056681E-4	2.2426977254661148E-4	1.1162748859786092E-4	5.723445779017597E-4	0.38085066559818187	0.0202167529804235
72-73	7.895107829921436E-4	2.2832895395017005E-4	1.1771626070319878E-4	5.865517128142146E-4	0.3875949955001945	0.021626303722809218
74-75	8.229990295715019E-4	2.354325214063976E-4	1.2786421421209524E-4	6.017736430775593E-4	0.39464985277957926	0.022998307037212017
76-77	8.564872761508602E-4	2.445656795644044E-4	1.2989380491387452E-4	6.251139361480211E-4	0.4024394218930082	0.02445453836573866
78-79	8.920051134319977E-4	2.4963965631885263E-4	1.359825770192124E-4	6.454098431658141E-4	0.4098464131591517	0.025973687006020457
80-81	9.143306111515699E-4	2.5978760982774905E-4	1.4308614447543992E-4	6.677353408853861E-4	0.41685053067099204	0.027567930502268086
82-83	9.468040623800385E-4	2.7297994938931447E-4	1.5526368868611564E-4	6.849868618505102E-4	0.4245183243423142	0.02933367441281607
84-85	9.904402624682932E-4	2.750095400910937E-4	1.6033766544056385E-4	6.951348153594066E-4	0.43245503878162206	0.031116669844329176
86-87	0.0010290024858020997	2.810983121964316E-4	1.6439684684412244E-4	7.05282768868303E-4	0.44119141195743106	0.03304884019242306
88-89	0.0010827866393992509	2.932758564071073E-4	1.7860398175657748E-4	7.235490851843166E-4	0.449063179494282	0.034907945275252886
90-91	0.001136570792996402	2.993646285124452E-4	1.7961877710746712E-4	7.458745829038889E-4	0.45635955806717854	0.03681271614887275
92-93	0.0011771626070319879	3.1357176342490024E-4	2.1513661438860468E-4	7.641408992199025E-4	0.46381728910086656	0.03874082731556308
94-95	0.001248198281594263	3.2574930763557594E-4	2.1615140973949433E-4	7.74288852728799E-4	0.47169717500052466	0.04075215170102635
96-97	0.0013121303887003105	3.5314878210959634E-4	2.1716620509038397E-4	7.905255783430332E-4	0.47987744032404606	0.04292584334263197
98-99	0.00137098851905191	3.6938550772383066E-4	2.202105911430529E-4	8.128510760626055E-4	0.4868369068404472	0.04522029563099346
100-101	0.001433905830807068	3.744594844782789E-4	2.2122538649394253E-4	8.361913691330672E-4	0.4951145925176541	0.04757360604970654
102-103	0.0015059563007202327	3.8663702868895465E-4	2.2122538649394253E-4	8.595316622035291E-4	0.5029782416916979	0.05006898781754418
104-105	0.0015851103380896251	3.9779977754874073E-4	2.2629936324839077E-4	8.798275692213219E-4	0.5097986812450273	0.05265671596231278
106-107	0.0016612199894063483	4.130217078120854E-4	2.273141585992804E-4	9.011382715900045E-4	0.5172848265485401	0.05526879919550272
108-109	0.001728196482565065	4.201252752683129E-4	2.3441772605550793E-4	9.123010204497906E-4	0.5256396366724145	0.05790422272176313
110-111	0.0018012617478291193	4.292584334263197E-4	2.45580474915294E-4	9.285377460640249E-4	0.5336555051490919	0.060761886429868364
112-113	0.001887519352654739	4.4448036368966435E-4	2.5775801912596976E-4	9.427448809764799E-4	0.5420752621754232	0.0636601419520092
114-115	0.0019910284784454826	4.6173188465478834E-4	2.6181720052952833E-4	9.579668112398246E-4	0.5505092263366671	0.06669032086976567
116-117	0.0020955523995871165	4.7999820097080194E-4	2.6790597263486623E-4	9.691295600996107E-4	0.558887376753612	0.06988591142971716
118-119	0.0021899283672198533	4.91160949830588E-4	2.719651540384248E-4	9.944994438718519E-4	0.5672005802680999	0.07316877438984516
120-121	0.002336058897747962	4.962349265850363E-4	2.8008351684554193E-4	0.0010097213741351964	0.5753098099170592	0.07644351898716605
122-123	0.0025380031725750016	5.25663991760836E-4	2.821131075473212E-4	0.001031032076503879	0.5836727384037407	0.07989991195229618
124-125	0.002704429610120903	5.358119452697325E-4	2.861722889508798E-4	0.0010503131881707821	0.5922639958443725	0.08337457123374231
126-127	0.0028556341174034603	5.530634662348564E-4	2.932758564071073E-4	0.001065535118434127	0.6020719929107209	0.08701464215738347
128-129	0.0029713207874048795	5.57122647638415E-4	2.9834983316155553E-4	0.0010787274579956924	0.6119043450654906	0.09071255641602534
130-131	0.0030778742992482924	5.672706011473113E-4	3.044386052668934E-4	0.0010898902068554785	0.620968497139637	0.09460937056344157
132-133	0.0032686558252155457	5.774185546562078E-4	3.0748299131956233E-4	0.0011000381603643748	0.63029142202826	0.09851430307366493
134-135	0.0033741945417080687	5.916256895686628E-4	3.115421727231209E-4	0.001117289681329499	0.6392480057952121	0.10254304061669682
136-137	0.0034401562395158956	5.987292570248904E-4	3.1661614947756914E-4	0.0011264228394875055	0.6485049689860274	0.10657380775043049
138-139	0.003450304193024792	6.078624151828972E-4	3.176309448284588E-4	0.0011314968162419539	0.65729106713403	0.11069387687504245
>>END_MODULE
