##FastQC	0.12.1
>>Basic Statistics	pass
#Measure	Value
Filename	SRR18106160_1.fastq
File type	Conventional base calls
Encoding	Sanger / Illumina 1.9
Total Sequences	61842273
Total Bases	9.2 Gbp
Sequences flagged as poor quality	0
Sequence length	150
%GC	48
>>END_MODULE
>>Per base sequence quality	pass
#Base	Mean	Median	Lower Quartile	Upper Quartile	10th Percentile	90th Percentile
1	31.05212466883292	32.0	32.0	32.0	32.0	32.0
2	31.574057942533905	32.0	32.0	32.0	32.0	32.0
3	35.386238083454664	37.0	37.0	37.0	32.0	37.0
4	36.08808712448199	37.0	37.0	37.0	32.0	37.0
5	36.28759070676461	37.0	37.0	37.0	37.0	37.0
6	39.65638578646681	41.0	41.0	41.0	37.0	41.0
7	39.76131647036971	41.0	41.0	41.0	37.0	41.0
8	39.905076694060064	41.0	41.0	41.0	37.0	41.0
9	39.876261727960745	41.0	41.0	41.0	37.0	41.0
10-14	39.892999013797564	41.0	41.0	41.0	37.0	41.0
15-19	39.797427439318085	41.0	41.0	41.0	37.0	41.0
20-24	39.72976405314209	41.0	41.0	41.0	37.0	41.0
25-29	39.55552705185981	41.0	41.0	41.0	37.0	41.0
30-34	39.40458080510721	41.0	41.0	41.0	37.0	41.0
35-39	39.35009376191589	41.0	41.0	41.0	37.0	41.0
40-44	39.266424696259136	41.0	41.0	41.0	37.0	41.0
45-49	39.17649700876939	41.0	41.0	41.0	37.0	41.0
50-54	39.03740550416056	41.0	41.0	41.0	37.0	41.0
55-59	38.93536988849035	41.0	41.0	41.0	33.0	41.0
60-64	38.83324326710954	41.0	41.0	41.0	32.0	41.0
65-69	38.72314050617124	41.0	41.0	41.0	32.0	41.0
70-74	38.611741127303	41.0	41.0	41.0	32.0	41.0
75-79	38.35930202306762	41.0	40.2	41.0	32.0	41.0
80-84	38.56300705182683	41.0	41.0	41.0	32.0	41.0
85-89	38.43569876223664	41.0	41.0	41.0	32.0	41.0
90-94	38.33083372598546	41.0	41.0	41.0	32.0	41.0
95-99	38.15944161043369	41.0	41.0	41.0	32.0	41.0
100-104	37.94980088134859	41.0	37.8	41.0	32.0	41.0
105-109	37.78991938087399	41.0	37.0	41.0	28.0	41.0
110-114	37.54286015004656	41.0	37.0	41.0	27.0	41.0
115-119	37.25509085993654	41.0	37.0	41.0	27.0	41.0
120-124	37.20247368009905	41.0	37.0	41.0	27.0	41.0
125-129	36.80282887726329	41.0	37.0	41.0	26.0	41.0
130-134	36.3365392665952	41.0	37.0	41.0	23.0	41.0
135-139	35.74776305845033	41.0	33.0	41.0	22.0	41.0
140-144	35.055244977816386	41.0	32.0	41.0	22.0	41.0
145-149	34.40994619327786	41.0	32.0	41.0	12.0	41.0
150	34.08902708023038	41.0	32.0	41.0	12.0	41.0
>>END_MODULE
>>Per sequence quality scores	pass
#Quality	Count
11	1.0
12	51.0
13	105.0
14	166.0
15	268.0
16	812.0
17	3446.0
18	10556.0
19	24803.0
20	48354.0
21	82783.0
22	133500.0
23	200811.0
24	284225.0
25	380822.0
26	484167.0
27	594241.0
28	710337.0
29	834613.0
30	966249.0
31	1115031.0
32	1281647.0
33	1482349.0
34	1736472.0
35	2083905.0
36	2599971.0
37	3454085.0
38	5116582.0
39	9932523.0
40	2.8279398E7
>>END_MODULE
>>Per base sequence content	pass
#Base	G	A	T	C
1	19.127535995172984	30.172059020494657	21.921911349060817	28.778493635271545
2	26.552984910149586	28.569776672024926	26.10848606203237	18.76875235579312
3	22.438969861279194	25.41179073414718	27.942883017899423	24.20635638667421
4	21.79368676784593	26.721949241980226	26.769026374303223	24.71533761587062
5	22.2882946103873	26.84026507240444	27.536394077882616	23.335046239325646
6	22.89374615968595	26.075157360402972	26.821265123938765	24.209831355972312
7	23.314856166428424	26.06344369004677	26.666041204533347	23.955658938991455
8	21.604895161038513	25.74992198280095	28.40332172889315	24.24186112726739
9	22.512261151849966	25.185154497797967	28.322277222895735	23.980307127456328
10-14	23.25154972476757	26.01256105378778	26.855444979931377	23.880444241513278
15-19	23.412370693425192	25.976126718369486	26.5807222189262	24.030780369279118
20-24	23.673286180092703	25.885892604723786	26.376246364762036	24.06457485042148
25-29	23.831823023992193	25.805674370525733	26.198281696359455	24.164220909122612
30-34	23.960863983359822	25.734205944750443	26.09756944728548	24.207360624604252
35-39	23.994731700837512	25.69860661594397	26.025202975750876	24.28145870746764
40-44	24.077867105856566	25.67907959379777	25.96566216645077	24.277391133894895
45-49	24.139880448798092	25.650945551740854	25.87442243249342	24.334751566967633
50-54	24.167956245761836	25.67194713880451	25.86140450544106	24.2986921099926
55-59	24.241627647028917	25.6800480464068	25.79196985135385	24.28635445521043
60-64	24.239911802473447	25.65008983137107	25.738998023206282	24.371000342949202
65-69	24.299776034499708	25.639107934172255	25.73949534405215	24.321620687275885
70-74	24.391628564525092	25.66076282004705	25.64834942777845	24.299259187649408
75-79	24.375802996186238	25.673843302335932	25.65663710458219	24.293716596895642
80-84	24.412414958896726	25.671773560853406	25.625778195712506	24.290033284537365
85-89	24.400375889594383	25.699713205875625	25.60103495927621	24.298875945253787
90-94	24.4165713069675	25.6984476352762	25.544139528917732	24.34084152883857
95-99	24.441761176293852	25.798987016073	25.49063016209129	24.26862164554186
100-104	24.527818048608868	25.871678402153	25.39629029513452	24.20421325410361
105-109	24.485113752682313	25.955023504090374	25.38387653358732	24.17598620963999
110-114	24.542275976719758	26.04890957188189	25.27387622671328	24.134938224685072
115-119	24.550456462587185	26.162892442820663	25.181096631435867	24.105554463156288
120-124	24.55833601269946	26.275368520833304	25.012178020627918	24.154117445839315
125-129	24.503880220889858	26.379409712698905	24.892872692143218	24.223837374268026
130-134	24.51649904018926	26.477630493111743	24.741377514026453	24.26449295267254
135-139	24.442334721292013	26.50192895942763	24.67000927202077	24.38572704725959
140-144	24.401057384879913	26.523918940311386	24.620274541753076	24.454749133055625
145-149	24.29966669082731	26.473073755875156	24.613870078612152	24.613389474685388
150	24.23678581591315	26.43463146398888	24.631922941056114	24.69665977904186
>>END_MODULE
>>Per sequence GC content	pass
#GC Content	Count
0	112.0
1	118.0
2	131.5
3	177.5
4	240.0
5	276.0
6	362.5
7	510.0
8	687.5
9	806.5
10	987.5
11	1415.0
12	2033.0
13	2821.0
14	4080.0
15	6135.0
16	9324.0
17	14773.5
18	23678.5
19	36723.5
20	54900.0
21	79997.5
22	113607.5
23	156753.0
24	209587.5
25	272852.5
26	346639.5
27	429155.5
28	518425.0
29	611723.0
30	709533.0
31	811813.0
32	917260.5
33	1025291.5
34	1132865.0
35	1237158.5
36	1339279.5
37	1438317.5
38	1525642.5
39	1600103.5
40	1661348.5
41	1707742.5
42	1741017.5
43	1766592.0
44	1789643.5
45	1808088.5
46	1822996.0
47	1835172.0
48	1844606.5
49	1849164.5
50	1850313.5
51	1843585.0
52	1820594.0
53	1795398.0
54	1776630.5
55	1756648.0
56	1736096.0
57	1706058.0
58	1653007.0
59	1580482.5
60	1493073.0
61	1394524.0
62	1290561.0
63	1179770.5
64	1059159.5
65	932839.5
66	809611.0
67	693820.0
68	584112.5
69	481898.0
70	392829.0
71	315662.0
72	250622.5
73	198690.5
74	156104.5
75	123628.5
76	99355.5
77	80276.5
78	65653.0
79	53313.0
80	42748.0
81	34816.0
82	28161.0
83	22459.5
84	17673.0
85	13685.5
86	10581.5
87	8135.5
88	6180.5
89	4633.5
90	3531.0
91	2736.5
92	2084.5
93	1588.5
94	1341.5
95	1174.0
96	975.5
97	815.0
98	698.0
99	562.5
100	507.0
>>END_MODULE
>>Per base N content	pass
#Base	N-Count
1	1.2547404265040518
2	6.953172629990491E-5
3	0.0
4	0.0019533564039601195
5	0.0
6	0.0
7	0.0
8	2.2638236469736485E-4
9	0.0
10-14	9.934951776432927E-4
15-19	0.0
20-24	1.6849316001046728E-4
25-29	0.003992738106505238
30-34	0.0010009334553404917
35-39	0.0020856283856190085
40-44	0.0014540215881133605
45-49	0.001434617385425015
50-54	0.002510903827871915
55-59	0.001716625131162304
60-64	0.002631209884539658
65-69	0.0017011017690116272
70-74	0.0016144296636703506
75-79	9.753845884675035E-4
80-84	0.001333392128067479
85-89	1.1577840937379517E-4
90-94	4.614966206044852E-4
95-99	0.0015141746164472319
100-104	4.799306131584135E-4
105-109	0.003190374325342149
110-114	4.948071685528118E-5
115-119	0.0046191704499606604
120-124	8.599295824718473E-4
125-129	0.001074992828934344
130-134	0.0019844031282614727
135-139	0.0036344071635271234
140-144	0.003004093979534032
145-149	0.005515321210784086
150	0.009322102374859345
>>END_MODULE
>>Sequence Length Distribution	pass
#Length	Count
150	6.1842273E7
>>END_MODULE
>>Sequence Duplication Levels	pass
#Total Deduplicated Percentage	77.397016391077
#Duplication Level	Percentage of total
1	61.89237940600732
2	22.579714066397827
3	8.624214747456483
4	3.345115224631319
5	1.3225744783724749
6	0.6372790411418309
7	0.31138526719975346
8	0.18397880830902552
9	0.12275997062430205
>10	0.8254101627948351
>50	0.12182608183076728
>100	0.03336274523400625
>500	0.0
>1k	0.0
>5k	0.0
>10k+	0.0
>>END_MODULE
>>Overrepresented sequences	pass
>>END_MODULE
>>Adapter Content	fail
#Position	Illumina Universal Adapter	Illumina Small RNA 3' Adapter	Illumina Small RNA 5' Adapter	Nextera Transposase Sequence	PolyA	PolyG
1	3.2340337813909264E-6	4.8510506720863895E-6	3.2340337813909264E-6	1.6170168906954632E-6	0.07826685154344182	4.365945604877751E-5
2	6.468067562781853E-6	6.468067562781853E-6	4.8510506720863895E-6	1.455315201625917E-5	0.09273268464760342	1.2936135125563705E-4
3	6.468067562781853E-6	8.085084453477316E-6	4.8510506720863895E-6	1.9404202688345558E-5	0.10103606638132463	1.406804694905053E-4
4	9.702101344172779E-6	9.702101344172779E-6	4.8510506720863895E-6	2.910630403251834E-5	0.11372318090572124	1.7787185797650095E-4
5	9.702101344172779E-6	9.702101344172779E-6	4.8510506720863895E-6	3.8808405376691116E-5	0.12284153915235295	2.2153131402527848E-4
6	9.702101344172779E-6	1.1319118234868242E-5	4.8510506720863895E-6	4.527647293947297E-5	0.1336577651342149	2.732758545275333E-4
7	1.455315201625917E-5	1.455315201625917E-5	4.8510506720863895E-6	5.174454050225482E-5	0.14390480117055207	3.5089266528091554E-4
8	1.9404202688345558E-5	1.6170168906954632E-5	8.085084453477316E-6	6.468067562781853E-5	0.15242162913384508	4.60849813848207E-4
9	2.425525336043195E-5	1.9404202688345558E-5	8.085084453477316E-6	7.761681075338223E-5	0.1610370951274705	5.497857428364575E-4
10-11	3.7191388485995655E-5	2.2638236469736485E-5	1.2936135125563705E-5	9.136145432429368E-5	0.1759362887583385	6.524663153956194E-4
12-13	8.246786142546863E-5	2.829779558717061E-5	2.021271113369329E-5	1.0429758944985738E-4	0.1938439423143454	8.497423760604659E-4
14-15	1.4472301171724396E-4	3.5574371595300193E-5	2.587227025112741E-5	1.2855284281028934E-4	0.21076844960080948	0.0010745077238671354
16-17	2.3689297448688539E-4	3.7999896931343386E-5	2.829779558717061E-5	1.4876555394398262E-4	0.22390428631237408	0.0012847199196575456
18-19	3.937436128843453E-4	4.2042439158082046E-5	2.991481247786607E-5	1.6736124818698045E-4	0.23573033934247534	0.0015555702488490356
20-21	5.966792326666259E-4	4.60849813848207E-5	3.2340337813909264E-5	1.7948887486719643E-4	0.24741166936085934	0.001844207763838176
22-23	8.384232578255977E-4	5.417006583829802E-5	3.395735470460473E-5	1.940420268834556E-4	0.25850440523103024	0.002182972802438876
24-25	0.0011699117204181677	5.982962495573214E-5	3.7191388485995655E-5	2.1182921268110569E-4	0.267606593308755	0.002478078384990798
26-27	0.001569314892419947	6.791470940920946E-5	4.285094760342978E-5	2.352759575961899E-4	0.2770548230010886	0.002824119999599627
28-29	0.001977611657320552	8.246786142546863E-5	4.365945604877751E-5	2.449780589403627E-4	0.2874570926589325	0.0031839062577793675
30-31	0.0024247168275978474	8.408487831616409E-5	4.689348983016844E-5	2.7165883763683786E-4	0.29677596100001047	0.0036051391578055354
32-33	0.002894460234344879	8.893592898825048E-5	5.012752361155936E-5	2.9268005721587887E-4	0.30683461456858163	0.0040676059885444375
34-35	0.003353693031302391	1.0429758944985738E-4	5.255304894760256E-5	3.161268021309631E-4	0.31671458777073086	0.004534115361510079
36-37	0.0038428406407377685	1.0672311478590058E-4	5.417006583829802E-5	3.363395132646563E-4	0.3269236239101367	0.005013560869601284
38-39	0.004376456214667272	1.1076565701263923E-4	5.578708272899348E-5	3.533181906169588E-4	0.33665240603300595	0.0055431339013040475
40-41	0.004974752464224593	1.1965924991146429E-4	5.902111651038441E-5	3.670628341878702E-4	0.3472519517515147	0.006042792120528946
42-43	0.0055641551208830894	1.301698597009848E-4	6.225515029177533E-5	3.9455212132969304E-4	0.35973370513079295	0.006599854439373533
44-45	0.006207727843379883	1.4148897793585304E-4	6.629769251851399E-5	4.099137817912999E-4	0.37111588702439835	0.007149640182209991
46-47	0.006827045312516246	1.4634002860793943E-4	6.791470940920946E-5	4.3578605204242735E-4	0.3818641982968511	0.007821510700293957
48-49	0.007468192509676997	1.560421299521122E-4	6.791470940920946E-5	4.616583222935548E-4	0.3924257441184285	0.008450530270774491
50-51	0.008252445701664297	1.584676552881554E-4	6.953172629990493E-5	4.826795418725958E-4	0.40391303210992907	0.009132911398647976
52-53	0.00901729469096325	1.6412721440558952E-4	7.195725163594812E-5	4.988497107795504E-4	0.4169397201813717	0.009786994730934293
54-55	0.009972143164918922	1.7059528196837137E-4	7.357426852664357E-5	5.077433036783755E-4	0.42843509325732576	0.010463716299690343
56-57	0.011070097633701141	1.8272290864858735E-4	7.68083023080345E-5	5.190624219132437E-4	0.438482427707662	0.011129118750211525
58-59	0.012463157685035284	1.9080799310206465E-4	8.16593529801209E-5	5.344240823748506E-4	0.44833086908044273	0.011882648621275612
60-61	0.01411089789665396	1.9970158600088973E-4	8.570189520685955E-5	5.570623188445871E-4	0.4585544583718648	0.012661242254145479
62-63	0.016120041383343074	2.0293561978228063E-4	8.731891209755502E-5	5.708069624154985E-4	0.46738903015417954	0.013478644292392034
64-65	0.01868463017198608	2.0374412822762836E-4	9.216996276964141E-5	5.845516059864099E-4	0.4765550903990867	0.014308173957318808
66-67	0.021885515107117746	2.0778667045436702E-4	9.297847121498914E-5	6.015302833387124E-4	0.4868166795874401	0.01515549080804323
68-69	0.02615120566477238	2.1668026335319208E-4	9.540399655103234E-5	6.17700452245667E-4	0.49784392627353785	0.01600038213343161
70-71	0.031800254172416983	2.2153131402527845E-4	9.540399655103234E-5	6.265940451444919E-4	0.5089835556335389	0.016892975457095505
72-73	0.03924742546251494	2.304249069241035E-4	9.70210134417278E-5	6.484237731688808E-4	0.5188756564623684	0.017834079287480264
74-75	0.048943867247570286	2.3931849982292857E-4	1.026805725591619E-4	6.645939420758354E-4	0.5288979271508989	0.018748502339168548
76-77	0.06192932138830019	2.482120927217536E-4	1.0348908100450964E-4	6.799556025374423E-4	0.5401410455919045	0.019696882745561438
78-79	0.07849161689124848	2.562971771752309E-4	1.0348908100450964E-4	7.009768221164833E-4	0.5511496965837592	0.020671135422205455
80-81	0.10003351590909344	2.6438226162870824E-4	1.0429758944985738E-4	7.195725163594811E-4	0.5613166902840069	0.021676919928218033
82-83	0.12738697363209792	2.821694474263583E-4	1.0834013167659604E-4	7.365511937117835E-4	0.5718370021748715	0.022685938468012
84-85	0.1616871359175301	2.959140909972698E-4	1.1076565701263923E-4	7.632319724082587E-4	0.5831302481394887	0.023656148602429282
86-87	0.20467876399045035	3.007651416693562E-4	1.123826739033347E-4	7.874872257686905E-4	0.5942383456701211	0.024677294768903464
88-89	0.25878334064467523	3.0642470078679027E-4	1.1480819923937789E-4	7.988063440035589E-4	0.6046640620728801	0.025670951648235827
90-91	0.32565911670161285	3.1936083591235396E-4	1.1642521613007336E-4	8.190190551372522E-4	0.6154560328013816	0.02666865106979493
92-93	0.4067242159744031	3.290629372565268E-4	1.1965924991146429E-4	8.311466818174681E-4	0.6266296195160873	0.02770192486294933
94-95	0.5033474432610199	3.3795653015535184E-4	1.2208477524750747E-4	8.46508342279075E-4	0.6379568228354091	0.028693156216945646
96-97	0.6180044514211177	3.5089266528091554E-4	1.2451030058355068E-4	8.602529858499864E-4	0.649635727328457	0.029710259841193097
98-99	0.753781317190589	3.573607328436974E-4	1.2451030058355068E-4	8.764231547569411E-4	0.6596345512720725	0.030769405904598625
100-101	0.9151256455272916	3.6382880040647923E-4	1.2451030058355068E-4	8.958273574452867E-4	0.6710652436723986	0.031834211527121584
102-103	1.1032138162192067	3.670628341878702E-4	1.2451030058355068E-4	9.144230516882844E-4	0.6821547455087882	0.03284080454157951
104-105	1.3170400447603212	3.759564270866952E-4	1.2531880902889842E-4	9.3382725437663E-4	0.6919789316282083	0.03384578053914674
106-107	1.5597615566297183	3.8404151154017253E-4	1.3097836814633253E-4	9.605080330731051E-4	0.7026132432098671	0.03485156504515932
108-109	1.836630422688377	3.9455212132969304E-4	1.3502091037307116E-4	9.807207442067986E-4	0.7143697645136685	0.03583147728092077
110-111	2.1517562913639994	4.018286973378226E-4	1.3744643570911438E-4	0.0010001249468951441	0.7253064582538873	0.03693428280037508
112-113	2.5074717095214143	4.074882564552568E-4	1.3744643570911438E-4	0.001017912132692794	0.7361364288793202	0.0379424928317237
114-115	2.897805033783283	4.163818493540818E-4	1.3744643570911438E-4	0.0010348908100450967	0.7475873339907801	0.03903317072449779
116-117	3.323175880032741	4.2446693380755914E-4	1.406804694905053E-4	0.0010542950127334421	0.7589751754435028	0.040112529499037014
118-119	3.7917146091962044	4.293179844796455E-4	1.4148897793585304E-4	0.0010736992154217876	0.770440633706979	0.041197547832693665
120-121	4.305688278954429	4.349775435970796E-4	1.4229748638120077E-4	0.0010906778927740899	0.7817460072982764	0.04225103433698176
122-123	4.863905956367419	4.5195622094938194E-4	1.4472301171724396E-4	0.0011076565701263925	0.7932098485448619	0.04328269111324547
124-125	5.460127573253978	4.543817462854252E-4	1.4634002860793943E-4	0.0011214012136973037	0.8047108811799333	0.044314347889509165
126-127	6.087889104593552	4.632753391842502E-4	1.4714853705328717E-4	0.0011294862981507813	0.8174893571586542	0.04536055781778914
128-129	6.750116542449854	4.6650937296564116E-4	1.4714853705328717E-4	0.0011448479586123879	0.8291100490436372	0.04643344852476557
130-131	7.452792849318459	4.72977440528423E-4	1.4714853705328717E-4	0.0011666776866367766	0.840197933863136	0.04754110509489197
132-133	8.197431553009057	4.7944550809120485E-4	1.4876555394398262E-4	0.0011885074146611653	0.8515283712162391	0.04868757007039505
134-135	8.969794011290627	4.948071685528118E-4	1.5199958772537357E-4	0.0012079116173495112	0.8620511086324398	0.04978229050539588
136-137	9.76163586354596	5.020837445609413E-4	1.5442511306141676E-4	0.0012184222271390316	0.8726765266211998	0.05086245778838045
138-139	10.573876383877415	5.069347952330278E-4	1.5523362150676447E-4	0.0012232732778111178	0.8833722848447049	0.05199356110342193
>>END_MODULE
