##FastQC	0.12.1
>>Basic Statistics	pass
#Measure	Value
Filename	SRR18106160_2.fastq
File type	Conventional base calls
Encoding	Sanger / Illumina 1.9
Total Sequences	61842273
Total Bases	9.2 Gbp
Sequences flagged as poor quality	0
Sequence length	150
%GC	48
>>END_MODULE
>>Per base sequence quality	pass
#Base	Mean	Median	Lower Quartile	Upper Quartile	10th Percentile	90th Percentile
1	29.53945213171579	32.0	32.0	32.0	27.0	32.0
2	30.05126308989322	32.0	32.0	32.0	27.0	32.0
3	32.19101707338603	32.0	32.0	37.0	22.0	37.0
4	32.94859959303243	37.0	32.0	37.0	22.0	37.0
5	33.76337208692184	37.0	32.0	37.0	22.0	37.0
6	35.681737425789635	41.0	32.0	41.0	22.0	41.0
7	36.26150119029422	41.0	37.0	41.0	27.0	41.0
8	35.23780485882205	41.0	32.0	41.0	22.0	41.0
9	36.785059194056466	41.0	37.0	41.0	27.0	41.0
10-14	37.85285436387501	41.0	37.0	41.0	30.0	41.0
15-19	37.94872485362884	41.0	37.8	41.0	28.0	41.0
20-24	38.090463030037725	41.0	38.6	41.0	31.0	41.0
25-29	37.92417039069699	41.0	37.0	41.0	28.0	41.0
30-34	37.7337534116833	41.0	37.0	41.0	27.0	41.0
35-39	37.666293630572085	41.0	37.0	41.0	27.0	41.0
40-44	37.409582862518654	41.0	37.0	41.0	27.0	41.0
45-49	36.9868198926	41.0	37.0	41.0	27.0	41.0
50-54	36.88379546463307	41.0	37.0	41.0	26.0	41.0
55-59	36.767206451160035	41.0	37.0	41.0	22.0	41.0
60-64	36.65232206778687	41.0	37.0	41.0	22.0	41.0
65-69	36.527455033873025	41.0	37.0	41.0	22.0	41.0
70-74	36.39438192059985	41.0	37.0	41.0	22.0	41.0
75-79	35.91166733150316	41.0	35.0	41.0	22.0	41.0
80-84	36.17157434688728	41.0	37.0	41.0	22.0	41.0
85-89	35.894918703909866	41.0	37.0	41.0	22.0	41.0
90-94	35.504998187890024	41.0	33.0	41.0	22.0	41.0
95-99	35.088015665271556	41.0	32.0	41.0	22.0	41.0
100-104	34.58624941550903	41.0	32.0	41.0	12.0	41.0
105-109	33.99457716245327	37.8	32.0	41.0	12.0	41.0
110-114	33.28473789118327	37.0	28.0	41.0	12.0	41.0
115-119	32.51616853733692	37.0	27.0	41.0	12.0	41.0
120-124	31.911064999179445	37.0	27.0	41.0	12.0	41.0
125-129	31.253586814313888	37.0	25.0	41.0	12.0	41.0
130-134	30.584701083027785	37.0	22.0	41.0	12.0	41.0
135-139	29.651951505728128	32.0	22.0	41.0	12.0	41.0
140-144	29.168296770075063	32.0	22.0	41.0	12.0	41.0
145-149	28.451069403610052	32.0	22.0	37.8	12.0	41.0
150	27.954954663454885	32.0	22.0	37.0	12.0	41.0
>>END_MODULE
>>Per sequence quality scores	pass
#Quality	Count
3	7.0
4	68.0
5	212.0
6	254.0
7	355.0
8	446.0
9	691.0
10	1054.0
11	1059.0
12	1702.0
13	6100.0
14	23739.0
15	65133.0
16	139727.0
17	244649.0
18	359482.0
19	471108.0
20	570691.0
21	662314.0
22	747608.0
23	833449.0
24	922476.0
25	1022945.0
26	1136727.0
27	1263058.0
28	1407824.0
29	1574766.0
30	1770645.0
31	2003824.0
32	2293179.0
33	2654268.0
34	3125102.0
35	3772628.0
36	4698588.0
37	6054513.0
38	7959097.0
39	9711586.0
40	6341199.0
>>END_MODULE
>>Per base sequence content	pass
#Base	G	A	T	C
1	18.660448934756904	31.069176678898973	22.179197000431095	28.091177385913024
2	26.438161736366727	29.419964224819555	25.52662528862272	18.61524875019099
3	22.65870790357269	26.607197959880942	27.03959959557114	23.694494540975235
4	21.849173652278633	27.275632516454497	26.22964466480398	24.645549166462892
5	22.446709781408668	27.245170573055823	27.23221134454486	23.075908300990648
6	23.201356537922834	26.273842684665443	26.534815244247557	23.98998553316417
7	23.278885431211794	26.107511116156928	26.468392011957288	24.145211440673993
8	22.16942702349144	25.78436575641454	28.19302853804612	23.8531786820479
9	22.663289198319827	25.297253980269485	28.332735654118196	23.706721167292493
10-14	23.236863237461648	26.05782384022441	27.050832744767227	23.65448017754672
15-19	23.441467999162693	25.9640442456312	26.78180652573169	23.812681229474418
20-24	23.650902558819496	25.868751434417476	26.57563987030707	23.904706136455957
25-29	23.847823909690167	25.706643945112674	26.37852968136891	24.067002463828242
30-34	23.952306355700777	25.611595837457468	26.259296511708225	24.17680129513353
35-39	23.986014993917742	25.551189477478335	26.15137126788562	24.311424260718297
40-44	24.090175973062873	25.55722254398874	26.081824967279772	24.27077651566862
45-49	24.189240029045152	25.4753020590395	25.968155688049926	24.36730222386542
50-54	24.182984658172142	25.52475464443893	25.97982598538034	24.31243471200858
55-59	24.3138365173265	25.49169363686386	25.876416267514692	24.318053578294947
60-64	24.286306106828555	25.495738949203183	25.837013232187537	24.380941711780725
65-69	24.41840428836875	25.417058210229566	25.7863212310654	24.37821627033628
70-74	24.458821975506755	25.48437412649872	25.744504253641992	24.312299644352535
75-79	24.519742077568367	25.410860501873366	25.721718550064004	24.347678870494263
80-84	24.528561425868517	25.436889822198417	25.73085404606014	24.30369470587293
85-89	24.60466426286704	25.417337941588546	25.63617194572417	24.341825849820246
90-94	24.595028182042988	25.404739511484074	25.6452941583949	24.354938148078034
95-99	24.71106111073464	25.447694970446122	25.55175068247773	24.289493236341507
100-104	24.792465324189	25.505680143915338	25.49531807960459	24.206536452291072
105-109	24.90949920380836	25.549701103841834	25.422963847031937	24.117835845317874
110-114	25.032890187633033	25.578597460520207	25.362544734638576	24.025967617208185
115-119	25.24122634077471	25.629012723555295	25.270125957460582	23.859634978209414
120-124	25.379819896285582	25.67941979682407	25.13833056698302	23.80242973990733
125-129	25.603333216128682	25.748322111325116	25.043155394289577	23.60518927825662
130-134	25.857773678892503	25.786103232547536	24.90434976746633	23.45177332109363
135-139	26.158780404080723	25.78046574870607	24.863984427657662	23.19676941955554
140-144	26.482619048113705	25.779503500010552	24.766296887629732	22.971580564246008
145-149	26.724617646430133	25.821922816647714	24.71769572954068	22.735763807381474
150	26.984582203439196	25.704047555869085	24.66881912848757	22.642551112204153
>>END_MODULE
>>Per sequence GC content	pass
#GC Content	Count
0	237.0
1	298.5
2	364.5
3	386.0
4	482.0
5	576.5
6	760.5
7	1022.5
8	1232.0
9	1487.5
10	1909.5
11	2556.0
12	3484.0
13	4624.5
14	6177.0
15	8725.0
16	12715.0
17	18771.0
18	28702.5
19	43354.0
20	62956.0
21	89660.5
22	125299.5
23	170178.0
24	223996.5
25	288732.0
26	363945.0
27	445743.5
28	534597.5
29	628877.0
30	725819.5
31	827633.0
32	932166.5
33	1037674.5
34	1141953.5
35	1241699.5
36	1339739.0
37	1434513.0
38	1520553.0
39	1592371.0
40	1650949.5
41	1696610.5
42	1728566.5
43	1752250.0
44	1771968.5
45	1788326.0
46	1801046.5
47	1812857.0
48	1820795.5
49	1824802.5
50	1825699.5
51	1817880.0
52	1797812.0
53	1770343.0
54	1746954.5
55	1726453.0
56	1703848.0
57	1670675.0
58	1619285.5
59	1553070.0
60	1474004.0
61	1380781.0
62	1280082.5
63	1176495.5
64	1061105.0
65	937674.0
66	817131.5
67	704025.0
68	596858.5
69	496595.5
70	407785.0
71	329935.5
72	265073.5
73	212216.0
74	169082.0
75	135764.5
76	110307.5
77	90815.5
78	75143.0
79	61922.5
80	51016.0
81	42438.5
82	35383.5
83	29467.5
84	24682.5
85	20476.5
86	17061.0
87	14457.0
88	12208.5
89	10383.5
90	9015.5
91	7836.0
92	6720.0
93	5900.0
94	5306.5
95	4782.5
96	4125.5
97	3461.0
98	2909.0
99	2616.5
100	2238.5
>>END_MODULE
>>Per base N content	pass
#Base	N-Count
1	2.13011090326515
2	0.011682947035274721
3	0.0
4	0.0018029738331254415
5	0.003512160686590546
6	2.2476534780666938E-4
7	0.014315450533326937
8	0.0050224544625001085
9	4.7216893208307524E-4
10-14	0.008056948359579215
15-19	0.006403063483775895
20-24	0.007200252810888759
25-29	0.009148111357420514
30-34	0.015683123419477158
35-39	0.015050223008458954
40-44	0.016725775910597596
45-49	0.01971402312460281
50-54	0.021554835152970526
55-59	0.020182958022904495
60-64	0.016760703475436615
65-69	0.029709774736125884
70-74	0.02995168046297393
75-79	0.04040892869510149
80-84	0.03947202910863254
85-89	0.04235678724163325
90-94	0.04427230545035109
95-99	0.0509981255055098
100-104	0.048939339600276334
105-109	0.04975981397061521
110-114	0.057716830686349446
115-119	0.05584012088300829
120-124	0.05536956896781592
125-129	0.06717088163948955
130-134	0.0609916132933859
135-139	0.06000296916641469
140-144	0.06339061955242169
145-149	0.06846449515204592
150	0.059947667188752905
>>END_MODULE
>>Sequence Length Distribution	pass
#Length	Count
150	6.1842273E7
>>END_MODULE
>>Sequence Duplication Levels	pass
#Total Deduplicated Percentage	80.22692402457696
#Duplication Level	Percentage of total
1	66.26246046017665
2	20.900871059807706
3	7.343759906442508
4	2.6801649727622263
5	1.0830287350877705
6	0.4506516216312333
7	0.24109272282189725
8	0.13372193540733504
9	0.09761145566496637
>10	0.6924354913442652
>50	0.09097680250503289
>100	0.017107568006899523
>500	0.0031775081886427203
>1k	0.002939760152886042
>5k	0.0
>10k+	0.0
>>END_MODULE
>>Overrepresented sequences	pass
>>END_MODULE
>>Adapter Content	warn
#Position	Illumina Universal Adapter	Illumina Small RNA 3' Adapter	Illumina Small RNA 5' Adapter	Nextera Transposase Sequence	PolyA	PolyG
1	6.468067562781853E-6	3.2340337813909264E-6	3.2340337813909264E-6	4.8510506720863895E-6	0.093419916826149	4.543817462854252E-4
2	1.1319118234868242E-5	6.468067562781853E-6	4.8510506720863895E-6	9.702101344172779E-6	0.11147229339387316	9.297847121498914E-4
3	1.1319118234868242E-5	8.085084453477316E-6	8.085084453477316E-6	2.1021219579041023E-5	0.12112588423132507	0.001280677377430807
4	1.2936135125563705E-5	9.702101344172779E-6	8.085084453477316E-6	3.395735470460473E-5	0.13529095219381732	0.0016024637386792041
5	1.455315201625917E-5	1.455315201625917E-5	8.085084453477316E-6	3.7191388485995655E-5	0.14559943487200092	0.0026680778696475146
6	1.9404202688345558E-5	1.7787185797650097E-5	8.085084453477316E-6	4.85105067208639E-5	0.1576429766739007	0.002970460028207566
7	1.9404202688345558E-5	1.9404202688345558E-5	8.085084453477316E-6	6.468067562781853E-5	0.16896856297633173	0.0032485869334071857
8	2.1021219579041023E-5	2.1021219579041023E-5	8.085084453477316E-6	8.085084453477317E-5	0.17823245274312605	0.0040004997875805765
9	2.910630403251834E-5	2.425525336043195E-5	9.702101344172779E-6	9.216996276964141E-5	0.18732008766883454	0.0042559884563104595
10-11	4.770199827551617E-5	2.910630403251834E-5	1.2936135125563705E-5	1.148081992393779E-4	0.20268336514733215	0.004758880709316749
12-13	9.055294587894594E-5	3.395735470460473E-5	1.6978677352302366E-5	1.5199958772537357E-4	0.2218126749642595	0.005415389566939106
14-15	1.511910792800258E-4	3.7191388485995655E-5	1.9404202688345558E-5	1.6493572285093726E-4	0.23999602990012997	0.006239259672748445
16-17	2.5306314339384003E-4	4.1233930712734315E-5	2.1021219579041023E-5	1.940420268834556E-4	0.2540268854606945	0.006998449102929965
18-19	4.1799886624477724E-4	5.012752361155936E-5	2.587227025112741E-5	2.0778667045436702E-4	0.2667220850695446	0.00780938307361374
20-21	6.362961464886648E-4	5.093603205690709E-5	2.587227025112741E-5	2.2233982247062622E-4	0.2790073708966033	0.008612231959844037
22-23	9.216996276964142E-4	5.497857428364575E-5	2.7489287141822876E-5	2.3931849982292857E-4	0.2908261473506965	0.00953069755375906
24-25	0.0013332304263784095	6.225515029177533E-5	2.910630403251834E-5	2.5144612650314455E-4	0.3004773126628124	0.010343248541333531
26-27	0.0018935267790043874	6.791470940920946E-5	3.07233209232138E-5	2.684248038554469E-4	0.31030796684979545	0.01121967169609047
28-29	0.0025031421467965774	7.761681075338223E-5	3.2340337813909264E-5	2.805524305356629E-4	0.3204587903811362	0.012081541698831154
30-31	0.003139438293285242	9.297847121498914E-5	3.8808405376691116E-5	2.934885656612266E-4	0.329505191376132	0.012924007498883491
32-33	0.0038670958940982	1.0106355566846646E-4	4.2042439158082046E-5	3.112757514588767E-4	0.339105420656191	0.013816600822547386
34-35	0.004594753494911159	1.0914864012194378E-4	4.446796449412524E-5	3.3148846259256994E-4	0.3486975648517964	0.014890300037969173
36-37	0.0053377727561857245	1.1885074146611655E-4	4.527647293947297E-5	3.500841568355678E-4	0.3583640918243739	0.016067488334395467
38-39	0.006093728152585853	1.228932836928552E-4	4.527647293947297E-5	3.7110537641460884E-4	0.36784627887141214	0.017402335777664577
40-41	0.006864236701002242	1.3259538503702798E-4	4.689348983016844E-5	3.808074777587816E-4	0.3779122090159914	0.01904845897239256
42-43	0.0076298941987465434	1.3421240192772345E-4	4.931901516621163E-5	3.9293510443899756E-4	0.38894592376965187	0.020880539109550518
44-45	0.008473977015689575	1.4310599482654848E-4	5.174454050225482E-5	4.0425422267386583E-4	0.39907815160674964	0.022642279011963223
46-47	0.009290570545490784	1.4876555394398262E-4	5.174454050225482E-5	4.1799886624477724E-4	0.40873255095264693	0.024420189083282886
48-49	0.010120100210417557	1.5523362150676447E-4	5.336155739295028E-5	4.293179844796455E-4	0.41838048223098134	0.026317758404514013
50-51	0.011053927464794187	1.6251019751489408E-4	5.982962495573214E-5	4.422541196052092E-4	0.42905764476024355	0.02822583833553466
52-53	0.012006350413413816	1.6897826507767592E-4	6.225515029177533E-5	4.5357323784007747E-4	0.44103165483584345	0.03023983287289586
54-55	0.013107538915977424	1.7221229885906684E-4	6.306365873712307E-5	4.705519151923798E-4	0.4516312005543522	0.03220693392042689
56-57	0.014402769445424492	1.7463782419511006E-4	6.306365873712307E-5	4.899561178807253E-4	0.46109640892403814	0.03429611974320543
58-59	0.01598906301519674	1.86765450875326E-4	6.306365873712307E-5	5.117858459051141E-4	0.47059476613998324	0.0363400290930445
60-61	0.017783951763868704	2.0293561978228063E-4	6.953172629990493E-5	5.21487947249287E-4	0.47998235769891573	0.03832976837704526
62-63	0.01995964799029945	2.1021219579041024E-4	6.953172629990493E-5	5.311900485934597E-4	0.4886188449121202	0.04035103949041459
64-65	0.022688363993348046	2.2153131402527845E-4	7.599979386268677E-5	5.441261837190233E-4	0.49747039537178717	0.042416778568278045
66-67	0.02599839756860166	2.2638236469736488E-4	7.599979386268677E-5	5.546367935085439E-4	0.5070762842109635	0.0445722620835751
68-69	0.030427406832216532	2.3689297448688539E-4	7.599979386268677E-5	5.651474032980644E-4	0.5175036176306133	0.04665336282190016
70-71	0.036183986963092385	2.474035842764059E-4	7.761681075338223E-5	5.780835384236281E-4	0.5280829506379884	0.04868757007039505
72-73	0.04377345573957154	2.562971771752309E-4	7.842531919872997E-5	5.991047580026691E-4	0.537138245225883	0.05085113867014558
74-75	0.05346100393172806	2.684248038554469E-4	7.92338276440777E-5	6.144664184642761E-4	0.5466220492898118	0.053046239099264675
76-77	0.06633407539855464	2.74084362972881E-4	8.004233608942543E-5	6.282110620351875E-4	0.5571932972127335	0.055183935428764076
78-79	0.08280905198940536	2.781269051996197E-4	8.246786142546863E-5	6.484237731688808E-4	0.5677136091035981	0.05732890833427161
80-81	0.1042369513164563	2.9187154877053116E-4	8.246786142546863E-5	6.783385856467468E-4	0.5770518816473644	0.05947792378200588
82-83	0.13119181437590433	3.1046724301352893E-4	8.327636987081637E-5	7.025938390071788E-4	0.5871776414168994	0.06160268397637972
84-85	0.16513057338626608	3.169353105763108E-4	8.408487831616409E-5	7.211895332501766E-4	0.5977044213753269	0.06366518902046178
86-87	0.20750854354916742	3.225948696937449E-4	8.408487831616409E-5	7.405937359385221E-4	0.6078148194844003	0.06592092758298196
88-89	0.2608668669083363	3.290629372565268E-4	8.408487831616409E-5	7.62423463962911E-4	0.6171223687072434	0.06809015574184991
90-91	0.32692604943547277	3.3957354704604726E-4	8.408487831616409E-5	7.882957342140384E-4	0.627172937191361	0.07039278779420026
92-93	0.40713089572241307	3.4846713994487235E-4	8.893592898825048E-5	8.068914284570362E-4	0.6374992070553422	0.07264933486516578
94-95	0.5019600427688031	3.654458172971747E-4	8.974443743359821E-5	8.271041395907294E-4	0.6480720719951545	0.07490911596991268
96-97	0.6144259930420086	3.759564270866952E-4	9.21699627696414E-5	8.481253591697705E-4	0.6590111912607093	0.07714140778751777
98-99	0.7474967810449011	3.85658528430868E-4	9.540399655103234E-5	8.602529858499864E-4	0.6681861450985154	0.07925727438899278
100-101	0.9046586951938199	3.9455212132969304E-4	9.540399655103234E-5	8.772316632022889E-4	0.6787307122427405	0.08132382197530158
102-103	1.0875190502781162	4.018286973378226E-4	9.863803033242326E-5	8.982528827813298E-4	0.6889001314683243	0.08335964624068717
104-105	1.2945311696418402	4.1476483246338634E-4	9.944653877777098E-5	9.087634925708504E-4	0.6979101495832793	0.08530653457708451
106-107	1.5292031714293555	4.2365842536221137E-4	1.0106355566846646E-4	9.3382725437663E-4	0.7076001233007719	0.08743129477145835
108-109	1.7958589588063814	4.3578605204242735E-4	1.0187206411381418E-4	9.540399655103233E-4	0.7178964783522753	0.08951886357734619
110-111	2.098744818127885	4.438711364959047E-4	1.026805725591619E-4	9.677846090812348E-4	0.7274861970225448	0.09165817692373629
112-113	2.4390565333845347	4.527647293947297E-4	1.0348908100450964E-4	9.84763286433537E-4	0.7369691925780284	0.09383872420083912
114-115	2.8106672275774858	4.5923279695751155E-4	1.0348908100450964E-4	0.0010009334553404917	0.7466591662955209	0.09584301663685615
116-117	3.2140911120779796	4.616583222935548E-4	1.0510609789520512E-4	0.0010065930144579258	0.7565084161767469	0.09766620318111528
118-119	3.6558609351244256	4.6812638985633664E-4	1.0672311478590058E-4	0.001021146166474185	0.7663511979904102	0.0996058149415045
120-121	4.139608516653325	4.72977440528423E-4	1.0672311478590058E-4	0.0010348908100450967	0.77606946950349	0.10139504413105901
122-123	4.663496116968404	4.8672208409933446E-4	1.0834013167659604E-4	0.0010607630802962238	0.7860521232781984	0.10325380504691346
124-125	5.2217994962766	4.948071685528118E-4	1.1076565701263923E-4	0.0010858268421020036	0.796063074848494	0.1050009917973099
126-127	5.8075266735425455	5.004667276702459E-4	1.123826739033347E-4	0.0011092735870170877	0.8069617686917814	0.10684277403581205
128-129	6.422757132487675	5.125943543504618E-4	1.1399969079403015E-4	0.0011335288403775197	0.8173252299442486	0.10860936498889684
130-131	7.073380048627902	5.2391347258533E-4	1.1480819923937789E-4	0.001156975585292604	0.8269464804438866	0.11031531780858056
132-133	7.7591949118687795	5.336155739295029E-4	1.1480819923937789E-4	0.001175571279535602	0.8369485384212835	0.11207705771099326
134-135	8.470037962543842	5.408921499376325E-4	1.1480819923937789E-4	0.0011868903977704701	0.8460580030750163	0.1137142873128224
136-137	9.193217235078018	5.546367935085439E-4	1.1480819923937789E-4	0.0011974010075599905	0.8551828293892109	0.11539921891292709
138-139	9.932970930741824	5.651474032980644E-4	1.1561670768472563E-4	0.0012168052102483362	0.8645663784059165	0.11692649136618895
>>END_MODULE
