##FastQC	0.12.1
>>Basic Statistics	pass
#Measure	Value
Filename	SRR18106158_2.fastq
File type	Conventional base calls
Encoding	Sanger / Illumina 1.9
Total Sequences	31628345
Total Bases	4.7 Gbp
Sequences flagged as poor quality	0
Sequence length	150
%GC	51
>>END_MODULE
>>Per base sequence quality	pass
#Base	Mean	Median	Lower Quartile	Upper Quartile	10th Percentile	90th Percentile
1	34.98702002902776	37.0	37.0	37.0	25.0	37.0
2	35.28892700519107	37.0	37.0	37.0	37.0	37.0
3	35.40132517208852	37.0	37.0	37.0	37.0	37.0
4	35.45500351030065	37.0	37.0	37.0	37.0	37.0
5	35.43775009410072	37.0	37.0	37.0	37.0	37.0
6	35.433358400510684	37.0	37.0	37.0	37.0	37.0
7	35.434997721189646	37.0	37.0	37.0	37.0	37.0
8	35.440866444323916	37.0	37.0	37.0	37.0	37.0
9	35.45467760010838	37.0	37.0	37.0	37.0	37.0
10-14	35.45768936692704	37.0	37.0	37.0	37.0	37.0
15-19	35.408356213390235	37.0	37.0	37.0	37.0	37.0
20-24	35.33682368773959	37.0	37.0	37.0	37.0	37.0
25-29	35.25314577794064	37.0	37.0	37.0	37.0	37.0
30-34	35.20427957264283	37.0	37.0	37.0	29.8	37.0
35-39	35.1280731128992	37.0	37.0	37.0	25.0	37.0
40-44	35.030741412489334	37.0	37.0	37.0	25.0	37.0
45-49	34.9652116985571	37.0	37.0	37.0	25.0	37.0
50-54	34.872357266875646	37.0	37.0	37.0	25.0	37.0
55-59	34.80109974771048	37.0	37.0	37.0	25.0	37.0
60-64	34.71799018886382	37.0	37.0	37.0	25.0	37.0
65-69	34.615845792753305	37.0	37.0	37.0	25.0	37.0
70-74	34.59719482634959	37.0	37.0	37.0	25.0	37.0
75-79	34.5071823201625	37.0	37.0	37.0	25.0	37.0
80-84	34.37348409472579	37.0	37.0	37.0	25.0	37.0
85-89	34.31151230328365	37.0	37.0	37.0	25.0	37.0
90-94	34.20684907161598	37.0	37.0	37.0	25.0	37.0
95-99	34.18829596047469	37.0	37.0	37.0	25.0	37.0
100-104	34.06346357357617	37.0	37.0	37.0	25.0	37.0
105-109	34.02559179748418	37.0	37.0	37.0	25.0	37.0
110-114	33.86820781169549	37.0	37.0	37.0	25.0	37.0
115-119	33.82071169389356	37.0	37.0	37.0	25.0	37.0
120-124	33.704319672749236	37.0	37.0	37.0	25.0	37.0
125-129	33.525097876604036	37.0	37.0	37.0	25.0	37.0
130-134	33.48894687344532	37.0	37.0	37.0	25.0	37.0
135-139	33.42095580404223	37.0	37.0	37.0	25.0	37.0
140-144	33.20448485685862	37.0	37.0	37.0	22.2	37.0
145-149	33.050265975029674	37.0	37.0	37.0	16.6	37.0
150	33.12318728659372	37.0	37.0	37.0	25.0	37.0
>>END_MODULE
>>Per sequence quality scores	pass
#Quality	Count
11	63.0
12	2272.0
13	9993.0
14	14785.0
15	15038.0
16	14465.0
17	15125.0
18	18129.0
19	25035.0
20	37812.0
21	58529.0
22	87923.0
23	127560.0
24	174904.0
25	228518.0
26	290078.0
27	365593.0
28	466192.0
29	609886.0
30	806362.0
31	1105310.0
32	1583597.0
33	2385205.0
34	3959935.0
35	7793377.0
36	1.1178086E7
37	254573.0
>>END_MODULE
>>Per base sequence content	pass
#Base	G	A	T	C
1	21.13221049965832	28.47706309808104	22.24487817677126	28.145848225489384
2	27.71726399551134	27.191407009891805	22.92392104771202	22.16740794688484
3	23.8893370105446	24.01237233117312	26.087566596969623	26.010724061312658
4	23.82649487350666	24.199600073921033	26.06075025424188	25.913154798330424
5	23.41261369864954	24.433536577191646	26.47256524084852	25.681284483310286
6	24.744275237566775	25.247150068214978	24.153901849471747	25.854672844746496
7	24.68386341755095	24.4324496458698	24.859338961808902	26.024347974770347
8	23.886320956724102	24.719933970620342	25.95225896264885	25.441486110006707
9	24.48035140630975	23.899600184581267	25.932327473979434	25.687720935129548
10-14	24.84340613330022	24.66519511776612	25.119444702918774	25.37195404601488
15-19	24.891510317259606	24.580512851994328	25.003782268297485	25.52419456244858
20-24	25.12261649612082	24.491735708550433	24.79183477302971	25.593813022299038
25-29	25.241578716812402	24.437075035067437	24.647837248518695	25.673508999601463
30-34	25.421612486162175	24.37445113709808	24.4219648473161	25.781971529423643
35-39	25.49785469646202	24.326463014909336	24.31931499621188	25.85636729241677
40-44	25.591701367871128	24.327549228389913	24.215841834278713	25.864907569460243
45-49	25.630338229837825	24.265164680605324	24.126393587777038	25.97810350177981
50-54	25.72699995180905	24.28043040861519	24.05125559432535	25.94131404525041
55-59	25.768556222221704	24.28712936600255	23.995831934164055	25.94848247761169
60-64	25.824538716774466	24.2688879231588	23.92587218838039	25.98070117168635
65-69	25.860490001821024	24.259193802257013	23.918172422810333	25.962143773111627
70-74	25.93038444427228	24.305606406567314	23.85135942997561	25.9126497191848
75-79	25.979702700220326	24.239879766076918	23.811750504175922	25.968667029526838
80-84	26.024526798637538	24.288762772049107	23.759701227471826	25.92700920184153
85-89	26.041796369680426	24.282925964036373	23.72863897873885	25.946638687544354
90-94	26.067776824903667	24.261343310264426	23.686934307229848	25.983945557602055
95-99	26.094094353539248	24.26466424985118	23.669381295733032	25.971860100876537
100-104	26.172613951261813	24.295134058502114	23.613147444563108	25.919104545672962
105-109	26.175684946784898	24.289191592867066	23.60819079525943	25.926932665088607
110-114	26.23745403742689	24.298066281209856	23.580209502221653	25.884270179141605
115-119	26.246955246889243	24.322098882924774	23.57358167631436	25.857364193871625
120-124	26.28781320821883	24.347587774593947	23.540525115544828	25.824073901642397
125-129	26.306267996484596	24.347663151027344	23.51872212993049	25.82734672255757
130-134	26.366666632309293	24.399829208860183	23.506709897180624	25.7267942616499
135-139	26.38074450591505	24.406850357102496	23.498622551904585	25.713782585077873
140-144	26.463127892994947	24.65494820957876	23.39606515536589	25.4858587420604
145-149	26.60417058891752	24.801701862655946	23.354128479491138	25.239999068935397
150	26.7165086707198	25.175795646328993	23.086119307609636	25.02157637534157
>>END_MODULE
>>Per sequence GC content	fail
#GC Content	Count
0	528.0
1	619.5
2	895.0
3	1269.0
4	1638.5
5	1937.0
6	2211.0
7	2519.5
8	2817.5
9	3089.0
10	3380.0
11	3810.0
12	4355.0
13	5052.5
14	5859.0
15	7053.0
16	9172.0
17	12248.5
18	16872.5
19	23516.5
20	32645.0
21	45330.5
22	61755.0
23	81754.5
24	105521.0
25	133313.5
26	165533.0
27	200074.0
28	235537.0
29	273025.5
30	312080.5
31	350905.5
32	390794.5
33	430950.0
34	470610.0
35	510058.5
36	546611.0
37	581049.5
38	612620.5
39	640029.0
40	660231.5
41	674372.5
42	686250.5
43	694723.5
44	702913.5
45	712794.5
46	724385.5
47	737861.5
48	752373.5
49	767036.0
50	781231.5
51	791848.5
52	801715.0
53	813288.5
54	825289.5
55	840605.5
56	858770.5
57	875556.5
58	889360.5
59	895722.5
60	892843.5
61	881720.5
62	858719.5
63	826962.0
64	788168.5
65	739491.5
66	682803.5
67	621654.0
68	554469.0
69	484148.5
70	416998.0
71	352890.0
72	294250.5
73	244839.0
74	203981.5
75	171347.0
76	144560.5
77	122139.0
78	103222.5
79	86345.0
80	71887.0
81	59133.0
82	47840.5
83	37531.5
84	28824.0
85	22313.5
86	17032.0
87	12889.5
88	9697.5
89	7457.5
90	5906.0
91	4838.0
92	4073.0
93	3539.5
94	3295.0
95	3188.0
96	3106.5
97	3259.0
98	3745.5
99	4886.0
100	15055.0
>>END_MODULE
>>Per base N content	pass
#Base	N-Count
1	0.32148694470102684
2	0.011941819908692662
3	9.168990663280042E-5
4	0.0
5	3.161720918372428E-6
6	0.001248879762757109
7	1.897032551023457E-5
8	0.0
9	0.0
10-14	0.001410127529594103
15-19	0.0015770663940841674
20-24	1.7642402724518148E-4
25-29	0.0
30-34	1.2646883673489714E-6
35-39	6.323441836744857E-7
40-44	0.0
45-49	0.0
50-54	1.2646883673489714E-6
55-59	1.7010058540843664E-4
60-64	0.0
65-69	1.7073292959211114E-5
70-74	6.323441836744857E-7
75-79	0.0
80-84	6.323441836744856E-6
85-89	0.0
90-94	9.143696895933063E-4
95-99	1.8401215744927532E-4
100-104	3.6675962653120165E-5
105-109	3.794065102046914E-5
110-114	8.220474387768313E-6
115-119	1.897032551023457E-6
120-124	4.5528781224562966E-4
125-129	4.805815795926091E-5
130-134	2.0235013877583543E-5
135-139	8.220474387768313E-6
140-144	1.897032551023457E-5
145-149	1.100278879593605E-4
150	6.323441836744856E-6
>>END_MODULE
>>Sequence Length Distribution	pass
#Length	Count
150	3.1628345E7
>>END_MODULE
>>Sequence Duplication Levels	pass
#Total Deduplicated Percentage	88.20464833920187
#Duplication Level	Percentage of total
1	80.20974004869737
2	11.943215487560298
3	4.020214161220219
4	1.5600499478018253
5	0.6280930655172847
6	0.33521517319993954
7	0.23696397858094567
8	0.1696908286878248
9	0.12141281690080775
>10	0.6139868688184511
>50	0.035648023902749036
>100	0.019651779114297267
>500	0.0
>1k	0.0
>5k	0.0
>10k+	0.10611781999798084
>>END_MODULE
>>Overrepresented sequences	pass
>>END_MODULE
>>Adapter Content	pass
#Position	Illumina Universal Adapter	Illumina Small RNA 3' Adapter	Illumina Small RNA 5' Adapter	Nextera Transposase Sequence	PolyA	PolyG
1	9.485162755117285E-6	3.161720918372428E-6	0.0	9.485162755117285E-6	0.09023235328943073	0.2748009736203396
2	9.485162755117285E-6	3.161720918372428E-6	0.0	2.2132046428607E-5	0.10565206620833306	0.27813026574738575
3	2.5293767346979425E-5	3.161720918372428E-6	3.161720918372428E-6	2.5293767346979425E-5	0.11706271700273915	0.2785539363504477
4	2.5293767346979425E-5	2.2132046428607E-5	3.161720918372428E-6	2.5293767346979425E-5	0.13107862583388413	0.27916414848769355
5	2.5293767346979425E-5	2.5293767346979425E-5	6.323441836744856E-6	4.110237193884157E-5	0.14362433443798592	0.2798565653688171
6	2.5293767346979425E-5	2.8455488265351854E-5	6.323441836744856E-6	5.691097653070371E-5	0.15672018248188452	0.2807734644351451
7	2.8455488265351854E-5	3.477893010209671E-5	6.323441836744856E-6	6.007269744907614E-5	0.1689212635058837	0.2816935252223915
8	3.161720918372428E-5	4.110237193884157E-5	6.323441836744856E-6	6.955786020419342E-5	0.18057220509008612	0.2827368931254544
9	3.161720918372428E-5	4.742581377558642E-5	6.323441836744856E-6	8.220474387768314E-5	0.19321592704265747	0.2839162150280073
10-11	3.31980696429105E-5	4.742581377558642E-5	7.90430229593107E-6	9.801334846954528E-5	0.2124297050636067	0.2856172208820917
12-13	3.635979056128292E-5	5.216839515314506E-5	1.7389465051048356E-5	1.10660232143035E-4	0.23612838420726723	0.28801538619867717
14-15	4.268323239802778E-5	6.797699974500721E-5	2.0551185969420785E-5	1.2330711581652468E-4	0.2583078564496498	0.28945871179791416
16-17	5.691097653070371E-5	7.271958112256585E-5	2.5293767346979425E-5	1.5176260408187656E-4	0.2768466070545266	0.29045149216628313
18-19	8.852818571442798E-5	8.536646479605556E-5	2.8455488265351854E-5	1.6282862729618007E-4	0.2945585676392489	0.29136048693031524
20-21	1.2804969719408334E-4	9.485162755117284E-5	3.477893010209671E-5	1.659903482145525E-4	0.31144057648289847	0.2921714683458777
22-23	1.8654153418397326E-4	1.0433679030629014E-4	3.952151147965536E-5	1.8179895280641463E-4	0.3263465097525653	0.29307255880761385
24-25	3.31980696429105E-4	1.0907937168384878E-4	4.110237193884157E-5	1.8654153418397326E-4	0.33963206105156624	0.2938740550604213
26-27	5.564628816335474E-4	1.122410926022212E-4	4.110237193884157E-5	1.9760755739827677E-4	0.3527452985605159	0.2947767263826166
28-29	7.935919505114795E-4	1.1698367397977985E-4	4.110237193884157E-5	2.1657788290851135E-4	0.36575578013961846	0.29571891921629156
30-31	0.0010528530658180184	1.1856453443896606E-4	4.584495331640021E-5	2.4187165025549076E-4	0.3776817914437193	0.29664214172445635
32-33	0.001313695041583744	1.2804969719408334E-4	5.058753469395885E-5	2.466142316330494E-4	0.3891193168659315	0.2975400704652741
34-35	0.0015998307846964487	1.470200227043179E-4	5.691097653070371E-5	2.576802548473529E-4	0.40058213605549076	0.2984711972757348
36-37	0.0020013693413297473	1.4860088316350414E-4	6.323441836744857E-5	2.798123012759599E-4	0.41174775347872294	0.29940548580711385
38-39	0.0024218782234732804	1.4860088316350414E-4	6.323441836744857E-5	2.9562090586782207E-4	0.4222620563927705	0.3004741474775237
40-41	0.002850291407912744	1.5018174362269035E-4	6.323441836744857E-5	3.2565725459236014E-4	0.4352598910881995	0.3015665220548214
42-43	0.003273962010974649	1.580860459186214E-4	7.588130204093828E-5	3.3988499872503604E-4	0.4479700091800567	0.3025782727487006
44-45	0.0037814182183734243	1.6124776683699383E-4	7.746216250012449E-5	3.6359790561282926E-4	0.4587325071861964	0.3035378550474266
46-47	0.004320491634955924	1.7389465051048355E-4	8.220474387768314E-5	3.7782564974550516E-4	0.4691013709379988	0.3044847904624791
48-49	0.004935446353579361	1.8812239464315947E-4	8.536646479605556E-5	3.888916729598087E-4	0.4789027057849533	0.3054791516913073
50-51	0.005477681491080232	1.8970325510234568E-4	8.8528185714428E-5	3.9837683571492595E-4	0.4886566148181323	0.3065367473385029
52-53	0.006035725233172966	1.9760755739827677E-4	9.168990663280042E-5	4.2050888214353296E-4	0.4998506877296298	0.30772871612472924
54-55	0.006669650277306637	2.023501387758354E-4	9.327076709198663E-5	4.3631748673539513E-4	0.5094417681355126	0.30884164188799634
56-57	0.007360486297971014	2.1025444107176648E-4	9.485162755117284E-5	4.5686867270481593E-4	0.518775168286548	0.3099925083022839
58-59	0.007961213272461774	2.43452510714677E-4	9.801334846954528E-5	4.663538354599332E-4	0.5280200402518691	0.31120186655356136
60-61	0.008577748851544397	2.545185339289805E-4	9.801334846954528E-5	4.7741985867423667E-4	0.5371194730549449	0.3123685415724408
62-63	0.009347627895168084	2.6400369668409774E-4	9.801334846954528E-5	4.86905021429354E-4	0.5456972219064893	0.3135399591726978
64-65	0.010108021776036653	2.8297402219433233E-4	9.801334846954528E-5	4.979710446436575E-4	0.5544820634781871	0.31473825140076095
66-67	0.010912679749762436	2.924591849494496E-4	9.801334846954528E-5	5.121987887763334E-4	0.5630835252366193	0.3160566890237222
68-69	0.01182957881609044	2.972017663270083E-4	9.801334846954528E-5	5.137796492355195E-4	0.5721956049233685	0.317387773530357
70-71	0.012729088417367397	2.987826267861945E-4	9.801334846954528E-5	5.295882538273817E-4	0.5811685688897096	0.3187362475020429
72-73	0.013578010483950392	3.161720918372428E-4	1.011750693879177E-4	5.469777188784301E-4	0.5896151063231414	0.32016376449668804
74-75	0.014618216666094922	3.4146585918422225E-4	1.011750693879177E-4	5.691097653070371E-4	0.5979320131989201	0.3216466116074047
76-77	0.015637871662270028	3.667596265312017E-4	1.011750693879177E-4	5.91241811735644E-4	0.6071800468851595	0.3232828021826624
78-79	0.016752378285996312	3.7466392882713273E-4	1.011750693879177E-4	6.007269744907614E-4	0.6159174626430817	0.32477987703751177
80-81	0.01802180923472284	3.8256823112306384E-4	1.0275592984710391E-4	6.086312767866924E-4	0.6243260594254931	0.326310149962004
82-83	0.019427194182939384	3.920533938781811E-4	1.10660232143035E-4	6.35505904592858E-4	0.6329686235558643	0.3280791328158334
84-85	0.020960628828350016	3.9679597525573974E-4	1.1382195306140742E-4	6.623805323990237E-4	0.6417755971739906	0.3297532640421116
86-87	0.02252884240386274	4.0628113801085706E-4	1.233071158165247E-4	6.845125788276308E-4	0.6508671256747706	0.33164239229083914
88-89	0.02413183490947756	4.1576630076597433E-4	1.233071158165247E-4	7.066446252562378E-4	0.6590512402719775	0.333857177794159
90-91	0.0257901575311639	4.268323239802778E-4	1.233071158165247E-4	7.256149507664724E-4	0.6669824171957148	0.336403943993908
92-93	0.02746270789698291	4.410600681129537E-4	1.2963055765326955E-4	7.319383926032172E-4	0.6753024857924119	0.3391767732393206
94-95	0.028808020147750378	4.584495331640021E-4	1.3121141811245576E-4	7.366809739807758E-4	0.6837284720398744	0.342210444460499
96-97	0.02988616698091538	4.663538354599332E-4	1.3595399949001443E-4	7.46166136735893E-4	0.6923821021934597	0.3453848122625449
98-99	0.03075405937300861	4.7109641683749183E-4	1.4385830178594548E-4	7.588130204093827E-4	0.7003338303031663	0.34902553390005076
100-101	0.03158717283499975	4.805815795926091E-4	1.5018174362269035E-4	7.66717322705314E-4	0.7090902163865987	0.35327172509342486
102-103	0.03258311492428706	4.94809323725285E-4	1.5334346454106277E-4	7.872685086747346E-4	0.7173296610998774	0.35766019372812585
104-105	0.033416228386278196	5.027136260212161E-4	1.580860459186214E-4	7.951728109706656E-4	0.725145435210094	0.3626177721281338
106-107	0.0341039026860242	5.137796492355195E-4	1.6124776683699383E-4	8.04657973725783E-4	0.7332773814121478	0.36783461164344833
108-109	0.03472676170694357	5.248456724498231E-4	1.6440948775536628E-4	8.157239969400864E-4	0.741793476705784	0.3736237226449882
110-111	0.03531168007684246	5.311691142865679E-4	1.7231379005129733E-4	8.410177642870659E-4	0.7499807530239094	0.37982227650545736
112-113	0.03614163181791523	5.390734165824991E-4	1.77056371428856E-4	8.536646479605556E-4	0.7582944981787697	0.3863417450391413
114-115	0.03685143816408984	5.45396858419244E-4	1.77056371428856E-4	8.742158339299764E-4	0.7668390489606711	0.3935204323843059
116-117	0.03750275267327456	5.643671839294785E-4	1.77056371428856E-4	8.8528185714428E-4	0.7750848171157865	0.4010927539838079
118-119	0.03805605383398973	5.864992303580853E-4	1.8337981326560084E-4	8.979287408177696E-4	0.7830602581323809	0.4090207691866268
120-121	0.038547701436796644	6.007269744907614E-4	1.8970325510234568E-4	9.058330431137007E-4	0.7911242273346899	0.4173028971323033
122-123	0.03934287424776731	6.086312767866924E-4	1.8970325510234568E-4	9.153182058688179E-4	0.799156579327815	0.426350161540226
124-125	0.04001948252429901	6.165355790826235E-4	1.9128411556153192E-4	9.248033686239353E-4	0.8074513541571651	0.43579896450478206
126-127	0.040574364545473376	6.276016022969269E-4	1.9602669693909056E-4	9.263842290831214E-4	0.8167072921457004	0.4456872466769918
128-129	0.04086682373042282	6.418293464296029E-4	1.9602669693909056E-4	9.342885313790527E-4	0.8256723518097453	0.4558585028713959
130-131	0.04119880442685193	6.528953696439065E-4	2.023501387758354E-4	9.453545545933561E-4	0.8338659515697076	0.46662732431937237
132-133	0.04173313526205687	6.607996719398375E-4	2.0551185969420782E-4	9.67486601021963E-4	0.8426239185135991	0.47780242690535973
134-135	0.04208408628399621	6.734465556133272E-4	2.1025444107176648E-4	9.8961864745057E-4	0.8508001288085102	0.4893442891178783
136-137	0.042201069957975984	6.781891369908859E-4	2.1499702244932512E-4	9.97522949746501E-4	0.8589826625452581	0.5017240073737655
138-139	0.04220581253935354	6.813508579092582E-4	2.1657788290851133E-4	0.0010196549961751082	0.8668585093529237	0.514437287186541
>>END_MODULE
