##FastQC	0.12.1
>>Basic Statistics	pass
#Measure	Value
Filename	SRR18106158_1.fastq
File type	Conventional base calls
Encoding	Sanger / Illumina 1.9
Total Sequences	31628345
Total Bases	4.7 Gbp
Sequences flagged as poor quality	0
Sequence length	150
%GC	51
>>END_MODULE
>>Per base sequence quality	pass
#Base	Mean	Median	Lower Quartile	Upper Quartile	10th Percentile	90th Percentile
1	35.7730357374058	37.0	37.0	37.0	37.0	37.0
2	35.96580848602733	37.0	37.0	37.0	37.0	37.0
3	36.08494560812461	37.0	37.0	37.0	37.0	37.0
4	36.12839663283046	37.0	37.0	37.0	37.0	37.0
5	36.14480741878843	37.0	37.0	37.0	37.0	37.0
6	36.16236078745189	37.0	37.0	37.0	37.0	37.0
7	36.158242393018035	37.0	37.0	37.0	37.0	37.0
8	36.13742103799614	37.0	37.0	37.0	37.0	37.0
9	36.15181436145331	37.0	37.0	37.0	37.0	37.0
10-14	36.15761720064708	37.0	37.0	37.0	37.0	37.0
15-19	36.11767051358521	37.0	37.0	37.0	37.0	37.0
20-24	36.07650391444763	37.0	37.0	37.0	37.0	37.0
25-29	35.98745183157702	37.0	37.0	37.0	37.0	37.0
30-34	35.92605289337776	37.0	37.0	37.0	37.0	37.0
35-39	35.87895336920095	37.0	37.0	37.0	37.0	37.0
40-44	35.83979094068943	37.0	37.0	37.0	37.0	37.0
45-49	35.79999566844234	37.0	37.0	37.0	37.0	37.0
50-54	35.76179341663308	37.0	37.0	37.0	37.0	37.0
55-59	35.73003951993062	37.0	37.0	37.0	37.0	37.0
60-64	35.680914572039725	37.0	37.0	37.0	37.0	37.0
65-69	35.61958836606848	37.0	37.0	37.0	37.0	37.0
70-74	35.59298250983414	37.0	37.0	37.0	37.0	37.0
75-79	35.52347103207582	37.0	37.0	37.0	37.0	37.0
80-84	35.478979611484576	37.0	37.0	37.0	37.0	37.0
85-89	35.40522326413222	37.0	37.0	37.0	37.0	37.0
90-94	35.35627424704012	37.0	37.0	37.0	37.0	37.0
95-99	35.30349883308786	37.0	37.0	37.0	37.0	37.0
100-104	35.23339844686784	37.0	37.0	37.0	34.6	37.0
105-109	35.20408899675275	37.0	37.0	37.0	32.2	37.0
110-114	35.12599772134773	37.0	37.0	37.0	25.0	37.0
115-119	35.06093267289199	37.0	37.0	37.0	27.4	37.0
120-124	34.90862520944425	37.0	37.0	37.0	25.0	37.0
125-129	34.91982446757805	37.0	37.0	37.0	25.0	37.0
130-134	34.91440541071624	37.0	37.0	37.0	25.0	37.0
135-139	34.811165471984076	37.0	37.0	37.0	25.0	37.0
140-144	34.74760814705923	37.0	37.0	37.0	25.0	37.0
145-149	34.6538524225659	37.0	37.0	37.0	25.0	37.0
150	34.552055569142176	37.0	37.0	37.0	25.0	37.0
>>END_MODULE
>>Per sequence quality scores	pass
#Quality	Count
13	1.0
14	11.0
15	122.0
16	470.0
17	1297.0
18	2862.0
19	5306.0
20	9474.0
21	16025.0
22	25911.0
23	39559.0
24	58049.0
25	85604.0
26	125483.0
27	184093.0
28	266724.0
29	379651.0
30	522389.0
31	712709.0
32	987839.0
33	1424916.0
34	2226466.0
35	4485657.0
36	1.8758702E7
37	1309025.0
>>END_MODULE
>>Per base sequence content	pass
#Base	G	A	T	C
1	21.056584698389152	28.11851295978775	22.438629405875023	28.386272935948075
2	27.170076821887427	26.825528206893107	23.401246949005607	22.60314802221386
3	23.35223041230896	23.692716138008485	26.62034956302646	26.334703886656097
4	23.40879043781772	24.117057025905087	26.450821249104244	26.023331287172947
5	23.138109186554022	24.30073720265793	26.631561025403006	25.92959258538504
6	24.476165287813824	25.201533624348667	24.335547749969212	25.986753337868297
7	24.467217617614835	24.36372184507283	25.0094179761856	26.159642561126734
8	23.73023703043068	24.690998681435865	25.950558777279014	25.62820551085444
9	24.307689826957432	23.837377516907697	25.984347268249415	25.870585387885452
10-14	24.75870631080258	24.561373189532194	25.107788757886567	25.57213174177866
15-19	24.87458019609402	24.456573412658315	24.99321684252626	25.675629548721407
20-24	25.136411658592948	24.32510142405491	24.807153836218745	25.731333081133396
25-29	25.246463262576192	24.245277130311777	24.6999939415103	25.80826566560173
30-34	25.429123792070023	24.17463131060778	24.49849208356598	25.897752813756213
35-39	25.50049710157139	24.123458246076424	24.40146141064289	25.974583241709297
40-44	25.622667273189315	24.09792703831551	24.297793816561196	25.98161187193398
45-49	25.64694011679478	24.04590974108838	24.22629466909357	26.080855473023274
50-54	25.747156549147405	24.062117978342496	24.15345347641621	26.037271996093885
55-59	25.77918968431127	24.056990804020828	24.108556575493008	26.055262936174895
60-64	25.82480939247261	24.04876075307924	24.043637491464445	26.082792362983703
65-69	25.88206276589226	24.026201894514667	24.021494032080874	26.070241307512198
70-74	25.945455355339043	24.080575233777633	23.958581035176657	26.015388375706667
75-79	25.992316697137774	24.024220062238516	23.911860017879544	26.071603222744173
80-84	26.02986026691843	24.056154669013623	23.86707932690324	26.046905737164707
85-89	26.055024377658707	24.041197855910575	23.844036101161787	26.05974166526892
90-94	26.058711755829588	24.047985309069524	23.79778936290478	26.095513572196104
95-99	26.080430592008618	24.028992779754677	23.78446843482502	26.106108193411686
100-104	26.152122181657322	24.060484142689788	23.728851363151335	26.058542312501555
105-109	26.13744005147687	24.055147648926216	23.729623174261818	26.077789125335105
110-114	26.18792748206033	24.08467103849203	23.71380876055202	26.013592718895616
115-119	26.19879035719384	24.077507058937165	23.69416610322165	26.02953648064734
120-124	26.228138413221476	24.10555569396883	23.672895812194568	25.993410080615124
125-129	26.240441464494218	24.102296218727766	23.659127682511354	25.998134634266666
130-134	26.27701442051699	24.147209248010146	23.65333064123285	25.92244569024001
135-139	26.284330716640408	24.153942926827185	23.65150753224679	25.910218824285618
140-144	26.349880980173985	24.383323388666824	23.576422464609593	25.690373166549595
145-149	26.490699607921297	24.491428321381605	23.525567446718046	25.492304623979052
150	26.622771215202167	24.858799075537778	23.264579791019028	25.253849918241027
>>END_MODULE
>>Per sequence GC content	fail
#GC Content	Count
0	34.0
1	47.5
2	96.0
3	142.0
4	170.5
5	215.0
6	282.5
7	394.0
8	540.0
9	634.5
10	775.0
11	1045.0
12	1454.5
13	1946.0
14	2561.5
15	3662.5
16	5354.5
17	7863.5
18	11900.0
19	18154.0
20	26709.5
21	38072.5
22	53644.5
23	73159.0
24	96224.0
25	123627.5
26	154971.0
27	189366.0
28	225664.0
29	264229.5
30	303305.0
31	342494.5
32	382938.0
33	423051.5
34	463652.0
35	503209.5
36	540894.5
37	577337.5
38	611023.0
39	639344.5
40	660834.5
41	676250.5
42	687399.0
43	695784.5
44	704748.5
45	716368.0
46	728274.0
47	743213.5
48	759941.0
49	774245.0
50	788106.0
51	800367.0
52	811139.0
53	823417.5
54	838403.5
55	855960.0
56	874436.5
57	892809.0
58	907597.5
59	914837.5
60	912536.5
61	900454.0
62	877743.5
63	844630.0
64	802677.0
65	751854.0
66	694776.5
67	632067.0
68	561949.0
69	488432.0
70	419236.0
71	353355.0
72	292312.0
73	242175.5
74	201198.5
75	168200.5
76	141262.0
77	118826.5
78	100203.0
79	83457.0
80	68688.5
81	55628.0
82	44336.5
83	34548.0
84	26139.5
85	19537.0
86	14275.0
87	10177.0
88	7206.0
89	5066.0
90	3475.5
91	2440.5
92	1693.5
93	1118.5
94	777.0
95	534.0
96	361.0
97	266.5
98	202.5
99	129.5
100	67.0
>>END_MODULE
>>Per base N content	pass
#Base	N-Count
1	0.011865938606651723
2	0.17529213115640416
3	0.0
4	0.0
5	0.0
6	0.0
7	0.0
8	3.161720918372428E-6
9	0.0
10-14	6.323441836744857E-7
15-19	2.0867358061258027E-5
20-24	0.0
25-29	1.2646883673489714E-6
30-34	2.529376734697943E-6
35-39	0.0
40-44	5.602569467355943E-4
45-49	0.001344996078675631
50-54	0.0038301087205163593
55-59	6.323441836744857E-7
60-64	1.7642402724518148E-4
65-69	0.0012741735301040886
70-74	0.002970120630719059
75-79	6.323441836744857E-5
80-84	2.529376734697943E-6
85-89	0.0
90-94	4.6793469591911936E-5
95-99	4.4264092857213995E-6
100-104	0.006635187519296378
105-109	3.794065102046914E-6
110-114	6.323441836744857E-7
115-119	0.0
120-124	1.1698367397977985E-4
125-129	5.248456724498231E-5
130-134	1.897032551023457E-5
135-139	0.0
140-144	3.161720918372428E-6
145-149	3.161720918372428E-6
150	3.477893010209671E-5
>>END_MODULE
>>Sequence Length Distribution	pass
#Length	Count
150	3.1628345E7
>>END_MODULE
>>Sequence Duplication Levels	pass
#Total Deduplicated Percentage	85.0984603236607
#Duplication Level	Percentage of total
1	74.97555504659412
2	14.920974409324176
3	5.34414632256496
4	1.994337177039342
5	0.8520243391777753
6	0.4856959093516856
7	0.25840788200569254
8	0.17897278987624587
9	0.1337011646496705
>10	0.8119200788927676
>50	0.03127834577508925
>100	0.012986534748424462
>500	0.0
>1k	0.0
>5k	0.0
>10k+	0.0
>>END_MODULE
>>Overrepresented sequences	pass
>>END_MODULE
>>Adapter Content	pass
#Position	Illumina Universal Adapter	Illumina Small RNA 3' Adapter	Illumina Small RNA 5' Adapter	Nextera Transposase Sequence	PolyA	PolyG
1	3.161720918372428E-6	0.0	0.0	9.485162755117285E-6	0.07515726795063099	0.0
2	3.161720918372428E-6	0.0	3.161720918372428E-6	2.2132046428607E-5	0.08690622288330294	0.0
3	1.2646883673489712E-5	0.0	3.161720918372428E-6	2.8455488265351854E-5	0.09575587973382736	1.1698367397977985E-4
4	1.2646883673489712E-5	6.323441836744856E-6	3.161720918372428E-6	4.110237193884157E-5	0.10689146080833506	2.1815874336769754E-4
5	1.2646883673489712E-5	1.2646883673489712E-5	3.161720918372428E-6	5.058753469395885E-5	0.11575376454253297	3.2881897551073256E-4
6	1.2646883673489712E-5	1.897032551023457E-5	3.161720918372428E-6	5.691097653070371E-5	0.12488165283387417	4.236706030619054E-4
7	1.2646883673489712E-5	1.897032551023457E-5	3.161720918372428E-6	6.955786020419342E-5	0.13387042540480698	5.248456724498231E-4
8	1.2646883673489712E-5	2.8455488265351854E-5	3.161720918372428E-6	7.90430229593107E-5	0.14162612681757455	6.418293464296029E-4
9	1.2646883673489712E-5	3.794065102046914E-5	3.161720918372428E-6	8.8528185714428E-5	0.15004262790228196	8.157239969400864E-4
10-11	1.4227744132675927E-5	3.952151147965536E-5	9.485162755117285E-6	9.959420892873149E-5	0.16246502939056723	0.0011524472747467501
12-13	1.897032551023457E-5	4.4264092857214E-5	1.2646883673489712E-5	1.233071158165247E-4	0.17750375493880569	0.0014196126923492203
14-15	2.687462780616564E-5	5.691097653070371E-5	1.2646883673489712E-5	1.4385830178594548E-4	0.1915860599092365	0.0017057484354619252
16-17	4.110237193884157E-5	6.797699974500721E-5	2.5293767346979425E-5	1.6124776683699386E-4	0.20208929680006968	0.0019207454579112501
18-19	6.323441836744857E-5	7.271958112256585E-5	2.687462780616564E-5	1.9602669693909056E-4	0.21169144322916675	0.0021736831313810445
20-21	1.10660232143035E-4	7.588130204093828E-5	3.161720918372428E-5	2.134161619901389E-4	0.22070392870698735	0.0024550762931161907
22-23	1.5966690637780765E-4	7.588130204093828E-5	3.477893010209671E-5	2.3238648750037346E-4	0.2292057962564908	0.0027364694548513368
24-25	2.3080562704118725E-4	8.220474387768314E-5	3.635979056128292E-5	2.4187165025549076E-4	0.23617106743966526	0.0030004731515354344
26-27	3.303998359699187E-4	8.378560433686935E-5	3.794065102046914E-5	2.576802548473529E-4	0.24327387348278895	0.0033008366387808153
28-29	4.078619984700432E-4	9.327076709198663E-5	4.110237193884157E-5	2.73488859439215E-4	0.2509600170353523	0.003631236474750734
30-31	5.09037067857961E-4	9.485162755117284E-5	4.110237193884157E-5	2.908783244902634E-4	0.257417832011128	0.004051745356894267
32-33	6.370867650520443E-4	1.0591765076547635E-4	4.110237193884157E-5	2.9720176632700823E-4	0.26437203717108815	0.004510194890058269
34-35	7.477469971950793E-4	1.2014539489815227E-4	4.4264092857214E-5	3.2407639413317387E-4	0.27098793819278244	0.004944931516334478
36-37	9.595822987260319E-4	1.3595399949001443E-4	4.4264092857214E-5	3.4462758010259467E-4	0.2779421433527426	0.0054666154678659285
38-39	0.0011334769492365154	1.4069658086757306E-4	4.742581377558642E-5	3.509510219393395E-4	0.28484418011754964	0.006015174047203545
40-41	0.001313695041583744	1.4385830178594548E-4	5.058753469395885E-5	3.8572995204143627E-4	0.29423132952419734	0.006528953696439065
42-43	0.0015318537849514416	1.4860088316350411E-4	5.374925561233128E-5	4.015385566332984E-4	0.3042192059053359	0.00708225485715424
44-45	0.00177056371428856	1.5966690637780765E-4	5.374925561233128E-5	4.1734716122516054E-4	0.31141054013417396	0.007668754087512325
46-47	0.0020345674109726575	1.6440948775536628E-4	5.374925561233128E-5	4.5212609132725724E-4	0.31870304943239997	0.0082679002015439
48-49	0.002284343363524079	1.7231379005129733E-4	5.691097653070371E-5	4.6793469591911935E-4	0.32524148829159416	0.008946089338534786
50-51	0.0025641556648000395	1.786372318880422E-4	6.481527882663478E-5	4.8532416097016773E-4	0.33170720756966576	0.009659057405627768
52-53	0.0029056215239842615	1.8654153418397326E-4	7.588130204093827E-5	4.995519051028437E-4	0.33959412040054576	0.010389414937771799
54-55	0.0032423448017909256	1.9444583647990434E-4	7.90430229593107E-5	5.09037067857961E-4	0.34637601177045463	0.011115029888538273
56-57	0.003609104428322127	2.2922476658200104E-4	7.90430229593107E-5	5.264265329090092E-4	0.3528796716995467	0.011952885931906965
58-59	0.003936342543373673	2.4819509209223563E-4	7.90430229593107E-5	5.311691142865679E-4	0.359402301954149	0.012809712300785894
60-61	0.0043584322859763925	2.560993943881667E-4	8.220474387768314E-5	5.374925561233129E-4	0.36577633132558784	0.013644406623236214
62-63	0.004824786121436326	2.6558455714328395E-4	8.220474387768314E-5	5.61205463011106E-4	0.37197488518605704	0.014524945899002936
64-65	0.005330661468375914	2.7190799898002885E-4	8.220474387768314E-5	5.754332071437819E-4	0.37796476546591357	0.015470300453596292
66-67	0.0060088506053668	2.8297402219433233E-4	8.378560433686935E-5	5.785949280621543E-4	0.3844842339995975	0.016527896100791868
68-69	0.006693363184194431	2.987826267861945E-4	8.8528185714428E-5	5.864992303580853E-4	0.3918051987860889	0.017702475421967227
70-71	0.007453757065063	3.0510606862293934E-4	9.168990663280042E-5	5.959843931132027E-4	0.39880050631798786	0.019009847021714224
72-73	0.00833903892220728	3.1933381275561524E-4	9.168990663280042E-5	6.181164395418098E-4	0.4050417434108551	0.020271373668144823
74-75	0.009331819290576221	3.2407639413317387E-4	9.168990663280042E-5	6.418293464296029E-4	0.411697165944029	0.021589811291106126
76-77	0.010470038821190297	3.2723811505154635E-4	9.485162755117284E-5	6.781891369908859E-4	0.418760450475673	0.02276122889136311
78-79	0.011774248700018922	3.4304671964340846E-4	1.011750693879177E-4	7.01902043878679E-4	0.42555498872925535	0.02400536607274266
80-81	0.01336617518241944	3.683404869903879E-4	1.0433679030629014E-4	7.098063461746101E-4	0.4318989817519696	0.025347516602591758
82-83	0.015092474803850786	3.730830683679465E-4	1.0591765076547635E-4	7.224532298480998E-4	0.4386555793545315	0.026797165643665515
84-85	0.01701638198268041	3.8256823112306384E-4	1.0749851122466256E-4	7.271958112256585E-4	0.44575048109535925	0.028237329521984156
86-87	0.018981391533448876	3.9837683571492595E-4	1.10660232143035E-4	7.556512994910103E-4	0.45316155492802423	0.029691721144435475
88-89	0.020775668154625226	4.031194170924846E-4	1.1382195306140742E-4	7.74621625001245E-4	0.4595023862298201	0.031166663952856208
90-91	0.022685347589322172	4.126045798476019E-4	1.1698367397977985E-4	8.014962528074105E-4	0.4659396500196264	0.032809177969950684
92-93	0.024844802976570542	4.220897426027192E-4	1.1698367397977985E-4	8.12562276021714E-4	0.4725444850181064	0.034510183824035055
94-95	0.02636084815693012	4.3473662627620886E-4	1.2014539489815229E-4	8.157239969400864E-4	0.4793153103648009	0.03635504797990537
96-97	0.02745954617606454	4.473835099496986E-4	1.2804969719408334E-4	8.489220665829969E-4	0.486184149059965	0.038193588693938935
98-99	0.028341666312290445	4.568686727048159E-4	1.3279227857164198E-4	8.631498107156729E-4	0.4923827029204342	0.04024080298858508
100-101	0.02913367740234274	4.7425813775586425E-4	1.3279227857164198E-4	8.8528185714428E-4	0.4994554726148333	0.042246914911292385
102-103	0.03004899560821156	4.837433005109815E-4	1.454391622451317E-4	9.010904617361421E-4	0.5061077334270889	0.04461030129777578
104-105	0.03091688800030479	4.94809323725285E-4	1.454391622451317E-4	9.058330431137007E-4	0.5123711025663846	0.04700530489344289
106-107	0.03150971067249962	5.106179283171472E-4	1.5018174362269033E-4	9.184799267871904E-4	0.5192462647033855	0.04967379734854922
108-109	0.03198396881025549	5.280073933681955E-4	1.5492432500024899E-4	9.279650895423077E-4	0.5260518689801822	0.05259680833758453
110-111	0.03241712457607251	5.343308352049403E-4	1.580860459186214E-4	9.342885313790527E-4	0.5326788360250908	0.055636803000599616
112-113	0.033115864899032815	5.517203002559888E-4	1.6282862729618007E-4	9.453545545933561E-4	0.5396741435569898	0.058866500918717056
114-115	0.03375137080362567	5.643671839294785E-4	1.6440948775536628E-4	9.75390903317894E-4	0.5468101476697563	0.062360202533518594
116-117	0.03432838487122864	5.754332071437819E-4	1.6440948775536628E-4	9.832952056138251E-4	0.5540805249215537	0.06626650872816772
118-119	0.034845326241382535	5.785949280621543E-4	1.659903482145525E-4	9.97522949746501E-4	0.5610584429884018	0.07044472292179689
120-121	0.03541917858806713	5.97565253572389E-4	1.691520691329249E-4	0.0010022655311240597	0.567878275009331	0.07483793413787537
122-123	0.036165344724803025	6.102121372458787E-4	1.7389465051048355E-4	0.0010243975775526667	0.5749557872851077	0.07962794132920961
124-125	0.03683721041995716	6.260207418377408E-4	1.7547551096966976E-4	0.0010544339262772047	0.5821471215139458	0.0848574277281976
126-127	0.03743161395261118	6.323441836744856E-4	1.8337981326560084E-4	0.001070242530869067	0.5902284801813057	0.09011853133636932
128-129	0.037837895090622034	6.370867650520443E-4	1.8337981326560084E-4	0.0010876319959201154	0.5983572646624413	0.09620010152285868
130-131	0.0382663082750615	6.465719278071616E-4	1.8654153418397326E-4	0.0011050214609711637	0.6057541107509735	0.102493507010879
132-133	0.038942916551593196	6.544762301030927E-4	1.9286497602071813E-4	0.0011208300655630259	0.6137959479068538	0.10890863875425666
134-135	0.039353940270981616	6.718656951541411E-4	1.9602669693909056E-4	0.0011508664142875638	0.6213904015527845	0.11556089956651225
136-137	0.03959423106077792	6.860934392868169E-4	2.039309992350216E-4	0.001174579321175357	0.6291255517795825	0.12282495337647291
138-139	0.03960687794445141	6.987403229603067E-4	2.0551185969420785E-4	0.0011824836234712883	0.6364765529147984	0.13043521562699534
>>END_MODULE
