##FastQC	0.12.1
>>Basic Statistics	pass
#Measure	Value
Filename	SRR18106159_2.fastq
File type	Conventional base calls
Encoding	Sanger / Illumina 1.9
Total Sequences	49271018
Total Bases	7.3 Gbp
Sequences flagged as poor quality	0
Sequence length	150
%GC	51
>>END_MODULE
>>Per base sequence quality	pass
#Base	Mean	Median	Lower Quartile	Upper Quartile	10th Percentile	90th Percentile
1	35.75284992081958	37.0	37.0	37.0	37.0	37.0
2	35.85261674520303	37.0	37.0	37.0	37.0	37.0
3	35.93267636564765	37.0	37.0	37.0	37.0	37.0
4	35.93128065671385	37.0	37.0	37.0	37.0	37.0
5	35.981510996992185	37.0	37.0	37.0	37.0	37.0
6	36.01842626835922	37.0	37.0	37.0	37.0	37.0
7	36.0230468548468	37.0	37.0	37.0	37.0	37.0
8	36.023269237099996	37.0	37.0	37.0	37.0	37.0
9	36.02331037690352	37.0	37.0	37.0	37.0	37.0
10-14	36.02938950845302	37.0	37.0	37.0	37.0	37.0
15-19	36.004195748502696	37.0	37.0	37.0	37.0	37.0
20-24	35.98059053701711	37.0	37.0	37.0	37.0	37.0
25-29	35.93142873565146	37.0	37.0	37.0	37.0	37.0
30-34	35.88700962500917	37.0	37.0	37.0	37.0	37.0
35-39	35.846625758777705	37.0	37.0	37.0	37.0	37.0
40-44	35.80872927772671	37.0	37.0	37.0	37.0	37.0
45-49	35.76419133454884	37.0	37.0	37.0	37.0	37.0
50-54	35.706166529784305	37.0	37.0	37.0	37.0	37.0
55-59	35.661474820755686	37.0	37.0	37.0	37.0	37.0
60-64	35.613002162853626	37.0	37.0	37.0	37.0	37.0
65-69	35.5794981057627	37.0	37.0	37.0	37.0	37.0
70-74	35.50688064533191	37.0	37.0	37.0	37.0	37.0
75-79	35.44434624021773	37.0	37.0	37.0	37.0	37.0
80-84	35.396632373213805	37.0	37.0	37.0	37.0	37.0
85-89	35.34892204581606	37.0	37.0	37.0	37.0	37.0
90-94	35.267630792609154	37.0	37.0	37.0	34.6	37.0
95-99	35.20626819198256	37.0	37.0	37.0	25.0	37.0
100-104	35.13765675391566	37.0	37.0	37.0	25.0	37.0
105-109	35.03849044076987	37.0	37.0	37.0	25.0	37.0
110-114	34.95497775994805	37.0	37.0	37.0	25.0	37.0
115-119	34.889387603073274	37.0	37.0	37.0	25.0	37.0
120-124	34.8399922242321	37.0	37.0	37.0	25.0	37.0
125-129	34.708959356187854	37.0	37.0	37.0	25.0	37.0
130-134	34.5945739095547	37.0	37.0	37.0	25.0	37.0
135-139	34.47723959752567	37.0	37.0	37.0	25.0	37.0
140-144	34.32454293109998	37.0	37.0	37.0	25.0	37.0
145-149	34.23993607357575	37.0	37.0	37.0	25.0	37.0
150	34.13281038764005	37.0	37.0	37.0	25.0	37.0
>>END_MODULE
>>Per sequence quality scores	pass
#Quality	Count
19	30.0
20	473.0
21	10607.0
22	74996.0
23	139263.0
24	184420.0
25	228363.0
26	275532.0
27	335938.0
28	413033.0
29	518330.0
30	655971.0
31	868751.0
32	1226284.0
33	1929765.0
34	3778503.0
35	1.0644699E7
36	2.7024967E7
37	961093.0
>>END_MODULE
>>Per base sequence content	pass
#Base	G	A	T	C
1	20.073051977047754	29.05276765901451	22.05471528414429	28.819465079793442
2	27.849999834588157	27.629782890972347	23.413193560937184	21.10702371350231
3	23.160502869134607	24.175275775436823	26.962674031746992	25.701547323681584
4	23.16358269683001	24.355443599724282	26.517385940757304	25.9635877626884
5	22.64960508833002	24.441922429936398	26.993172741021915	25.915299740711667
6	24.292728604043603	25.608162280984565	24.326529802055973	25.772579312915862
7	24.326560494447264	24.598850382997973	24.944124353184666	26.1304647693701
8	23.397218373154598	24.860224435286423	26.309979281706987	25.432577909851993
9	24.054605488362345	23.94407803792485	26.381697654389846	25.61961881932295
10-14	24.60090910526753	24.828064255525533	25.324936311716932	25.246090327490005
15-19	24.70556991536079	24.76868369149588	25.190092479923997	25.335653913219332
20-24	24.9565068719325	24.685197187587132	24.997061760586885	25.361234179893476
25-29	25.045515398119033	24.592405214765403	24.92365593095722	25.438423456158343
30-34	25.212763008062872	24.565336157657633	24.72429735468425	25.49760347959524
35-39	25.236203309291376	24.522510574849743	24.659856254532357	25.58142986132652
40-44	25.349242551983753	24.517849170907365	24.575905667133988	25.557002609974894
45-49	25.364277745677544	24.468542226355915	24.508524352156158	25.658655675810387
50-54	25.433280170640195	24.489654849386934	24.446364897296682	25.63070008267619
55-59	25.465294427613383	24.477254544442335	24.40284202025747	25.654609007686812
60-64	25.49953179159829	24.468490173903117	24.34967628691633	25.682301747582265
65-69	25.522681914142716	24.428800314213113	24.358567951650603	25.68994981999357
70-74	25.61755828488332	24.49287560276764	24.266044889911285	25.623521222437756
75-79	25.651548142573777	24.436445980770653	24.244925276314973	25.667080600340597
80-84	25.675354221420793	24.490464962587133	24.199351838031845	25.63482897796023
85-89	25.69709337604588	24.44298856941002	24.16885378068587	25.691064273858228
90-94	25.684992747663543	24.4482482582357	24.130124934702994	25.736634059397755
95-99	25.69503484408353	24.460811582477863	24.098691505064217	25.745462068374387
100-104	25.779952196283844	24.489569531852553	24.035265203933058	25.69521306793054
105-109	25.75455778080331	24.510328566785446	24.042454734748937	25.69265891766231
110-114	25.813337791721807	24.526333298646275	24.03854389300933	25.62178501662259
115-119	25.80943047880149	24.53719127292525	24.010154360629983	25.643223887643273
120-124	25.822573981291974	24.561775864051526	23.98817309902689	25.627477055629612
125-129	25.829142397666715	24.571055544255245	23.94749952192991	25.652302536148124
130-134	25.890836231681046	24.60884285543087	23.907434367370726	25.592886545517356
135-139	25.880864014421118	24.618742824207253	23.912210037450368	25.588183123921265
140-144	25.918190877231446	24.671118971351344	23.90414451728861	25.506545634128603
145-149	25.96789847918448	24.865994700046574	23.836455599367895	25.32965122140105
150	25.936164991532845	25.13062808623549	23.987084976110385	24.946121946121277
>>END_MODULE
>>Per sequence GC content	warn
#GC Content	Count
0	484.0
1	488.0
2	570.5
3	728.5
4	905.0
5	1087.5
6	1212.0
7	1319.0
8	1442.5
9	1547.0
10	1632.5
11	1769.5
12	2023.5
13	2301.0
14	2756.0
15	3516.5
16	4877.5
17	7293.0
18	11133.5
19	17063.0
20	26648.5
21	40321.0
22	58321.5
23	82615.0
24	112690.5
25	149724.5
26	193568.0
27	242887.0
28	297254.0
29	354788.0
30	415090.0
31	477918.0
32	543343.0
33	610228.5
34	679571.0
35	750566.5
36	820452.0
37	889660.5
38	957423.0
39	1019342.0
40	1072812.5
41	1118800.5
42	1154852.5
43	1186868.5
44	1219261.5
45	1249742.0
46	1280108.5
47	1314521.0
48	1349998.5
49	1381266.0
50	1411146.0
51	1438099.5
52	1460074.5
53	1478564.5
54	1500710.5
55	1524839.0
56	1543511.0
57	1552409.0
58	1546071.0
59	1522811.5
60	1484473.5
61	1432740.5
62	1368962.5
63	1288934.5
64	1187357.5
65	1069378.0
66	946019.0
67	822995.5
68	701928.0
69	586694.5
70	481366.5
71	388076.0
72	307458.0
73	240862.5
74	187269.0
75	145487.5
76	113147.5
77	88176.5
78	69143.5
79	53502.5
80	40787.0
81	31338.0
82	23572.5
83	16949.5
84	11619.5
85	7820.5
86	5358.0
87	3574.0
88	2534.5
89	1964.0
90	1624.0
91	1430.5
92	1266.5
93	1170.0
94	1173.5
95	1246.0
96	1365.5
97	1623.0
98	2219.5
99	3649.0
100	27160.5
>>END_MODULE
>>Per base N content	pass
#Base	N-Count
1	0.005703149871999803
2	1.1974585140497808E-4
3	0.005788392681474533
4	0.0
5	0.0
6	0.0011670146535230914
7	0.0
8	1.359825770192124E-4
9	0.0
10-14	4.911609498305881E-5
15-19	0.0
20-24	3.247345122846863E-5
25-29	0.0
30-34	0.0
35-39	2.1513661438860466E-5
40-44	9.33611722818473E-5
45-49	2.0295907017792894E-6
50-54	4.059181403558579E-7
55-59	2.232549771957218E-5
60-64	1.9889988877437037E-5
65-69	0.0
70-74	1.2177544210675737E-6
75-79	8.118362807117158E-7
80-84	0.0
85-89	8.118362807117158E-7
90-94	0.0
95-99	2.7196515403842477E-5
100-104	7.468893782547785E-5
105-109	0.0
110-114	2.4355088421351474E-6
115-119	9.701443554505003E-5
120-124	4.302732287772093E-5
125-129	0.0
130-134	2.9632024245977625E-5
135-139	3.1499247691614573E-4
140-144	2.9672616060013213E-4
145-149	3.8562223333806494E-5
150	5.885813035159939E-5
>>END_MODULE
>>Sequence Length Distribution	pass
#Length	Count
150	4.9271018E7
>>END_MODULE
>>Sequence Duplication Levels	pass
#Total Deduplicated Percentage	74.64198570804476
#Duplication Level	Percentage of total
1	57.818763631759985
2	23.81919317169197
3	9.73950324967077
4	3.97487687981192
5	1.739174607931997
6	0.8289609756541194
7	0.4923344775100873
8	0.29977151602747115
9	0.1802755630937268
>10	0.9149443445456189
>50	0.06014744431118215
>100	0.011786899476259714
>500	0.0
>1k	0.0
>5k	0.0
>10k+	0.12026723851493104
>>END_MODULE
>>Overrepresented sequences	warn
#Sequence	Count	Percentage	Possible Source
GGGGGGGGGGGGGGGGGGGGGGGGGGGGGGGGGGGGGGGGGGGGGGGGGG	51241	0.10399825714987256	No Hit
>>END_MODULE
>>Adapter Content	pass
#Position	Illumina Universal Adapter	Illumina Small RNA 3' Adapter	Illumina Small RNA 5' Adapter	Nextera Transposase Sequence	PolyA	PolyG
1	2.0295907017792894E-6	8.118362807117158E-6	0.0	1.2177544210675736E-5	0.07472750004881165	0.12042576429007414
2	2.0295907017792894E-6	8.118362807117158E-6	0.0	1.8266316316013605E-5	0.08646665266790307	0.12117671284973247
3	2.0295907017792894E-6	1.2177544210675736E-5	0.0	2.435508842135147E-5	0.09426434014413909	0.12149129940850827
4	8.118362807117158E-6	1.6236725614234315E-5	0.0	3.247345122846863E-5	0.10493795764479638	0.12201087462816376
5	8.118362807117158E-6	2.435508842135147E-5	0.0	3.85622233338065E-5	0.1135698068994637	0.12264207733641712
6	8.118362807117158E-6	2.435508842135147E-5	2.0295907017792894E-6	4.871017684270294E-5	0.12349044624976087	0.12334228612853097
7	1.2177544210675736E-5	2.841426982491005E-5	4.059181403558579E-6	6.291731175515797E-5	0.1334516774140936	0.12401813983222348
8	1.2177544210675736E-5	3.044386052668934E-5	6.088772105337868E-6	6.494690245693726E-5	0.14203481649191824	0.12468384558240708
9	1.4207134912455026E-5	3.247345122846863E-5	1.2177544210675736E-5	7.306526526405442E-5	0.15078641159799053	0.12536984723960848
10-11	1.928111166690325E-5	3.348824657935828E-5	1.4207134912455026E-5	8.219842342206122E-5	0.16455718450956303	0.1264363971533935
12-13	2.232549771957218E-5	3.85622233338065E-5	1.725152096512396E-5	9.843514903629553E-5	0.18142511283205068	0.1277789714026205
14-15	2.435508842135147E-5	4.160660938647544E-5	2.131070236868254E-5	1.1670146535230914E-4	0.19744771662724728	0.12866590253929805
16-17	2.841426982491005E-5	4.566579079003401E-5	2.2325497719572185E-5	1.3699737237010204E-4	0.20984547142906607	0.1293184159499201
18-19	4.0591814035585783E-5	4.9724972193592584E-5	2.638467912313076E-5	1.5018971193166744E-4	0.2211421732751696	0.1299486038628226
20-21	5.175456289537188E-5	5.276935824626152E-5	2.841426982491005E-5	1.5627848403700528E-4	0.2322369308464461	0.1305940137059884
22-23	6.494690245693726E-5	5.68285396498201E-5	3.450304193024792E-5	1.7150041430034996E-4	0.2423574848808685	0.13126682302362822
24-25	8.118362807117157E-5	6.291731175515797E-5	3.754742798291686E-5	1.9179632131814285E-4	0.25099440811229023	0.13200052006232144
26-27	1.0249433043985412E-4	7.408006061494406E-5	4.160660938647544E-5	2.1006263763415648E-4	0.2594709936782715	0.13265303347294347
28-29	1.2583462351031593E-4	7.7124446667613E-5	4.465099543914437E-5	2.3238813535372864E-4	0.26810690211434235	0.13335324226505732
30-31	1.6236725614234313E-4	7.813924201850264E-5	4.9724972193592584E-5	2.5877281447685943E-4	0.27597562526514063	0.1339641490662929
32-33	2.1716620509038397E-4	8.118362807117158E-5	5.479894894804081E-5	2.719651540384248E-4	0.28461051890586064	0.13463289920252916
34-35	2.6892076798575585E-4	8.828719552739908E-5	5.7843335000709744E-5	2.902314703544384E-4	0.29303940909035003	0.13536761103657324
36-37	3.3488246579358274E-4	9.234637693095766E-5	5.885813035159939E-5	3.196605355302381E-4	0.3019990372433547	0.13617640293123232
38-39	4.069329357067475E-4	1.0553871649252305E-4	6.088772105337868E-5	3.4198603324981026E-4	0.3105243329861786	0.13696794330492623
40-41	4.739094288654641E-4	1.268494188612056E-4	6.39321071060476E-5	3.663411216711617E-4	0.3220016684047405	0.13778282397169062
42-43	5.601670336910839E-4	1.3496778166832273E-4	6.697649315871654E-5	3.764890751800582E-4	0.33439942320655924	0.13860074902450767
44-45	6.443950478149244E-4	1.3801216772099168E-4	6.900608386049584E-5	3.876518240398443E-4	0.3435498328855312	0.13942780723548273
46-47	7.276082665878753E-4	1.4004175842277097E-4	7.205046991316477E-5	3.9779977754874073E-4	0.3523257830800249	0.14029951644189695
48-49	8.067623039572675E-4	1.4714532587899848E-4	7.408006061494406E-5	4.191104799174233E-4	0.3607790283529356	0.14121689143910118
50-51	8.828719552739909E-4	1.4816012122988813E-4	8.016883272028193E-5	4.404211822861058E-4	0.3692393771933026	0.1421149853246385
52-53	9.965290345736312E-4	1.5729327938789493E-4	8.524280947473016E-5	4.637614753565676E-4	0.37905752221315986	0.14295422107982425
54-55	0.0010980085696625955	1.6439684684412244E-4	8.524280947473016E-5	4.7187983816368475E-4	0.38726417221580445	0.14381578233272957
56-57	0.0012218136024711322	1.6744123289679137E-4	9.031678622917838E-5	4.79998200970802E-4	0.39508519998511094	0.14479911902774162
58-59	0.0013243079329109864	1.7657439105479817E-4	9.133158158006802E-5	4.8405738237436056E-4	0.40302292921976973	0.14574998227152522
60-61	0.0014359354215088473	1.8063357245835676E-4	9.336117228184732E-5	4.972497219359259E-4	0.4106176576258278	0.1467231710130284
62-63	0.0015658292264227216	1.8875193526547392E-4	9.640555833451624E-5	5.104420614974913E-4	0.41751420683047386	0.1477613066569885
64-65	0.0016936934406348168	1.9179632131814285E-4	1.0756830719430234E-4	5.276935824626152E-4	0.42445946621196257	0.1488400341149842
66-67	0.0018286612223031397	1.9687029807259105E-4	1.0756830719430234E-4	5.429155127259599E-4	0.4318593539106499	0.14995326461491013
68-69	0.0019656585946732415	2.0701825158148752E-4	1.0858310254519198E-4	5.530634662348564E-4	0.44014008397390936	0.15101981452869515
70-71	0.0020935228088853368	2.090478422832668E-4	1.0959789789608162E-4	5.764037593053181E-4	0.44849083491638025	0.15222640620090294
72-73	0.002232549771957218	2.2325497719572184E-4	1.1162748859786092E-4	5.966996663231111E-4	0.4559353736105067	0.15346445652898832
74-75	0.0023634583722219825	2.3441772605550793E-4	1.1771626070319878E-4	6.159807779900143E-4	0.4635453239468281	0.15461117527549362
76-77	0.0024862486096796296	2.506544516697422E-4	1.1771626070319878E-4	6.362766850078073E-4	0.47199755442438796	0.15583806285471918
78-79	0.0026212163913479523	2.5877281447685943E-4	1.1771626070319878E-4	6.565725920256001E-4	0.4804183262460703	0.15705277288973407
80-81	0.0027592285590689438	2.6486158658219723E-4	1.2177544210675736E-4	6.687501362362758E-4	0.4883398187551148	0.15838722877615397
82-83	0.0029165218384568387	2.7297994938931447E-4	1.2786421421209524E-4	6.849868618505101E-4	0.4966022825020583	0.15978358717897811
84-85	0.0030656967550376163	2.7906872149465226E-4	1.2887900956298488E-4	7.012235874647446E-4	0.505157007310058	0.16123271494004854
86-87	0.003186457401793484	2.8617228895087984E-4	1.319233956156538E-4	7.235490851843166E-4	0.5141592568678	0.16281681048278726
88-89	0.0033112772299529105	2.9124626570532807E-4	1.319233956156538E-4	7.408006061494407E-4	0.5222522497911449	0.16449426719780785
90-91	0.0034716148953934747	3.024090145651141E-4	1.319233956156538E-4	7.793628294832471E-4	0.5303127692632614	0.16626609988046115
92-93	0.003615715835219804	3.115421727231209E-4	1.4004175842277097E-4	7.96614350448371E-4	0.5387609405594177	0.16807243560504473
94-95	0.00374155045873012	3.287936936882449E-4	1.410565537736606E-4	8.148806667643846E-4	0.5469828124923256	0.16998431004612083
96-97	0.0038765182403984427	3.4401562395158954E-4	1.4410093982632956E-4	8.412653458875155E-4	0.5553041343696207	0.17202201911070725
98-99	0.003996264091803421	3.5213398675870667E-4	1.4816012122988813E-4	8.666352296597566E-4	0.5626877853426937	0.17404958022178474
100-101	0.004116009943208399	3.6228194026760314E-4	1.4816012122988813E-4	8.94034704133777E-4	0.5715439043699078	0.17618268004935478
102-103	0.004248948134174943	3.724298937764996E-4	1.522193026334467E-4	9.143306111515699E-4	0.5797170661259728	0.17866283988692905
104-105	0.004392034278650383	3.7750387053094784E-4	1.522193026334467E-4	9.346265181693627E-4	0.5873706526623825	0.18129318943643502
106-107	0.004544253581283829	3.7953346123272713E-4	1.5323409798433633E-4	9.39700494923811E-4	0.5956950189257304	0.18391947980453743
108-109	0.004703576451373503	3.9272580079429255E-4	1.5627848403700528E-4	9.559372205380453E-4	0.6047540970231222	0.18662187982395656
110-111	0.004875076865673853	4.008441636014097E-4	1.6135246079145352E-4	9.742035368540589E-4	0.613012501588662	0.18963988119750236
112-113	0.005051651256728651	4.130217078120854E-4	1.68456028247681E-4	9.82321899661176E-4	0.6216240549363117	0.19278574678526025
114-115	0.005202855764011208	4.241844566718715E-4	1.68456028247681E-4	9.894254671174037E-4	0.6304690112146658	0.19585347313099966
116-117	0.005385518927171344	4.383915915843265E-4	1.68456028247681E-4	0.0010076917834334173	0.6394489352746883	0.19913836568182944
118-119	0.005561078522875252	4.4752474974233335E-4	1.7048561894946032E-4	0.0010239285090476516	0.6480543998502324	0.20271348970301364
120-121	0.005729534551122933	4.5970229395300905E-4	1.7048561894946032E-4	0.0010371208486092169	0.6563077304390179	0.20641546314305909
122-123	0.005983233388845345	4.8101299632169155E-4	1.745448003530189E-4	0.0010533575742234513	0.66497915671237	0.21035083951380912
124-125	0.006262302110339997	4.942053358832569E-4	1.7860398175657748E-4	0.001065535118434127	0.67384237930704	0.21440291734991146
126-127	0.006487586678237498	5.063828800939327E-4	1.7860398175657748E-4	0.001070609095188575	0.6841577740488334	0.21865896905154264
128-129	0.006648939139028952	5.236344010590567E-4	1.816483678092464E-4	0.0010868458208028093	0.6945645003722066	0.22305506251159657
130-131	0.006788980897451722	5.388563313224014E-4	1.8266316316013605E-4	0.0011000381603643748	0.7038245079490746	0.2276977512419167
132-133	0.0070467389165776925	5.449451034277393E-4	1.867223445636946E-4	0.0011051121371188231	0.7130205834188366	0.23235160272109662
134-135	0.007233461261141387	5.621966243928632E-4	1.867223445636946E-4	0.0011203340673821677	0.7221172089442114	0.23729162648922741
136-137	0.007297393368247435	5.723445779017596E-4	1.8875193526547392E-4	0.001139615179049071	0.7314127343583605	0.2423564700855176
138-139	0.007310585707809	5.835073267615457E-4	1.9179632131814285E-4	0.0011588962907159743	0.7404342650277695	0.24750757128663345
>>END_MODULE
